# URDRWGM1 castle geometry — runtime frame, Q8 world units, convex plan prisms
# prisms 238
prism barbican_north 8a8a82 3840 6912 4 9216 -4608 12288 -4608 12288 -2304 9216 -2304
prism barbican_north:merlon1 a8a49c 6912 7680 4 9216 -4608 9984 -4608 9984 -4224 9216 -4224
prism barbican_north:merlon2 a8a49c 6912 7680 4 10752 -4608 11520 -4608 11520 -4224 10752 -4224
prism barbican_north:merlon3 a8a49c 6912 7680 4 11904 -4608 12288 -4608 12288 -3840 11904 -3840
prism barbican_north:merlon4 a8a49c 6912 7680 4 11904 -3072 12288 -3072 12288 -2304 11904 -2304
prism barbican_north:merlon5 a8a49c 6912 7680 4 11520 -2688 12288 -2688 12288 -2304 11520 -2304
prism barbican_north:merlon6 a8a49c 6912 7680 4 9984 -2688 10752 -2688 10752 -2304 9984 -2304
prism barbican_north:merlon7 a8a49c 6912 7680 4 9216 -3072 9600 -3072 9600 -2304 9216 -2304
prism barbican_north:merlon8 a8a49c 6912 7680 4 9216 -4608 9600 -4608 9600 -3840 9216 -3840
prism barbican_south 8a8a82 3584 6656 4 9216 2304 12288 2304 12288 4608 9216 4608
prism barbican_south:merlon1 a8a49c 6656 7424 4 9216 2304 9984 2304 9984 2688 9216 2688
prism barbican_south:merlon2 a8a49c 6656 7424 4 10752 2304 11520 2304 11520 2688 10752 2688
prism barbican_south:merlon3 a8a49c 6656 7424 4 11904 2304 12288 2304 12288 3072 11904 3072
prism barbican_south:merlon4 a8a49c 6656 7424 4 11904 3840 12288 3840 12288 4608 11904 4608
prism barbican_south:merlon5 a8a49c 6656 7424 4 11520 4224 12288 4224 12288 4608 11520 4608
prism barbican_south:merlon6 a8a49c 6656 7424 4 9984 4224 10752 4224 10752 4608 9984 4608
prism barbican_south:merlon7 a8a49c 6656 7424 4 9216 3840 9600 3840 9600 4608 9216 4608
prism barbican_south:merlon8 a8a49c 6656 7424 4 9216 2304 9600 2304 9600 3072 9216 3072
prism bell_tower 9a968c 3584 9216 8 18688 -6144 19712 -6144 19968 -5888 19968 -4864 19712 -4608 18688 -4608 18432 -4864 18432 -5888
prism chapel 7e7a72 3328 7168 4 16896 -6912 19968 -6912 19968 -3840 16896 -3840
prism curtain_east 8a8a82 3072 7936 4 31488 -10752 33024 -10752 33024 10752 31488 10752
prism curtain_east:batter 6e6a62 3072 4096 4 31104 -11136 33408 -11136 33408 11136 31104 11136
prism curtain_east:merlon1 a8a49c 7936 8704 4 31488 -10752 32256 -10752 32256 -10368 31488 -10368
prism curtain_east:merlon10 a8a49c 7936 8704 4 32640 1536 33024 1536 33024 2304 32640 2304
prism curtain_east:merlon11 a8a49c 7936 8704 4 32640 3072 33024 3072 33024 3840 32640 3840
prism curtain_east:merlon12 a8a49c 7936 8704 4 32640 4608 33024 4608 33024 5376 32640 5376
prism curtain_east:merlon13 a8a49c 7936 8704 4 32640 6144 33024 6144 33024 6912 32640 6912
prism curtain_east:merlon14 a8a49c 7936 8704 4 32640 7680 33024 7680 33024 8448 32640 8448
prism curtain_east:merlon15 a8a49c 7936 8704 4 32640 9216 33024 9216 33024 9984 32640 9984
prism curtain_east:merlon16 a8a49c 7936 8704 4 32256 10368 33024 10368 33024 10752 32256 10752
prism curtain_east:merlon17 a8a49c 7936 8704 4 31488 9984 31872 9984 31872 10752 31488 10752
prism curtain_east:merlon18 a8a49c 7936 8704 4 31488 8448 31872 8448 31872 9216 31488 9216
prism curtain_east:merlon19 a8a49c 7936 8704 4 31488 6912 31872 6912 31872 7680 31488 7680
prism curtain_east:merlon2 a8a49c 7936 8704 4 32640 -10752 33024 -10752 33024 -9984 32640 -9984
prism curtain_east:merlon20 a8a49c 7936 8704 4 31488 5376 31872 5376 31872 6144 31488 6144
prism curtain_east:merlon21 a8a49c 7936 8704 4 31488 3840 31872 3840 31872 4608 31488 4608
prism curtain_east:merlon22 a8a49c 7936 8704 4 31488 2304 31872 2304 31872 3072 31488 3072
prism curtain_east:merlon23 a8a49c 7936 8704 4 31488 768 31872 768 31872 1536 31488 1536
prism curtain_east:merlon24 a8a49c 7936 8704 4 31488 -768 31872 -768 31872 0 31488 0
prism curtain_east:merlon25 a8a49c 7936 8704 4 31488 -2304 31872 -2304 31872 -1536 31488 -1536
prism curtain_east:merlon26 a8a49c 7936 8704 4 31488 -3840 31872 -3840 31872 -3072 31488 -3072
prism curtain_east:merlon27 a8a49c 7936 8704 4 31488 -5376 31872 -5376 31872 -4608 31488 -4608
prism curtain_east:merlon28 a8a49c 7936 8704 4 31488 -6912 31872 -6912 31872 -6144 31488 -6144
prism curtain_east:merlon29 a8a49c 7936 8704 4 31488 -8448 31872 -8448 31872 -7680 31488 -7680
prism curtain_east:merlon3 a8a49c 7936 8704 4 32640 -9216 33024 -9216 33024 -8448 32640 -8448
prism curtain_east:merlon30 a8a49c 7936 8704 4 31488 -9984 31872 -9984 31872 -9216 31488 -9216
prism curtain_east:merlon4 a8a49c 7936 8704 4 32640 -7680 33024 -7680 33024 -6912 32640 -6912
prism curtain_east:merlon5 a8a49c 7936 8704 4 32640 -6144 33024 -6144 33024 -5376 32640 -5376
prism curtain_east:merlon6 a8a49c 7936 8704 4 32640 -4608 33024 -4608 33024 -3840 32640 -3840
prism curtain_east:merlon7 a8a49c 7936 8704 4 32640 -3072 33024 -3072 33024 -2304 32640 -2304
prism curtain_east:merlon8 a8a49c 7936 8704 4 32640 -1536 33024 -1536 33024 -768 32640 -768
prism curtain_east:merlon9 a8a49c 7936 8704 4 32640 0 33024 0 33024 768 32640 768
prism curtain_north 8a8a82 2816 7168 4 13824 -11520 27648 -11520 27648 -9984 13824 -9984
prism curtain_north:batter 6e6a62 2816 3840 4 13440 -11904 28032 -11904 28032 -9600 13440 -9600
prism curtain_north:merlon1 a8a49c 7168 7936 4 13824 -11520 14592 -11520 14592 -11136 13824 -11136
prism curtain_north:merlon10 a8a49c 7168 7936 4 27264 -11520 27648 -11520 27648 -10752 27264 -10752
prism curtain_north:merlon11 a8a49c 7168 7936 4 26880 -10368 27648 -10368 27648 -9984 26880 -9984
prism curtain_north:merlon12 a8a49c 7168 7936 4 25344 -10368 26112 -10368 26112 -9984 25344 -9984
prism curtain_north:merlon13 a8a49c 7168 7936 4 23808 -10368 24576 -10368 24576 -9984 23808 -9984
prism curtain_north:merlon14 a8a49c 7168 7936 4 22272 -10368 23040 -10368 23040 -9984 22272 -9984
prism curtain_north:merlon15 a8a49c 7168 7936 4 20736 -10368 21504 -10368 21504 -9984 20736 -9984
prism curtain_north:merlon16 a8a49c 7168 7936 4 19200 -10368 19968 -10368 19968 -9984 19200 -9984
prism curtain_north:merlon17 a8a49c 7168 7936 4 17664 -10368 18432 -10368 18432 -9984 17664 -9984
prism curtain_north:merlon18 a8a49c 7168 7936 4 16128 -10368 16896 -10368 16896 -9984 16128 -9984
prism curtain_north:merlon19 a8a49c 7168 7936 4 14592 -10368 15360 -10368 15360 -9984 14592 -9984
prism curtain_north:merlon2 a8a49c 7168 7936 4 15360 -11520 16128 -11520 16128 -11136 15360 -11136
prism curtain_north:merlon20 a8a49c 7168 7936 4 13824 -10752 14208 -10752 14208 -9984 13824 -9984
prism curtain_north:merlon3 a8a49c 7168 7936 4 16896 -11520 17664 -11520 17664 -11136 16896 -11136
prism curtain_north:merlon4 a8a49c 7168 7936 4 18432 -11520 19200 -11520 19200 -11136 18432 -11136
prism curtain_north:merlon5 a8a49c 7168 7936 4 19968 -11520 20736 -11520 20736 -11136 19968 -11136
prism curtain_north:merlon6 a8a49c 7168 7936 4 21504 -11520 22272 -11520 22272 -11136 21504 -11136
prism curtain_north:merlon7 a8a49c 7168 7936 4 23040 -11520 23808 -11520 23808 -11136 23040 -11136
prism curtain_north:merlon8 a8a49c 7168 7936 4 24576 -11520 25344 -11520 25344 -11136 24576 -11136
prism curtain_north:merlon9 a8a49c 7168 7936 4 26112 -11520 26880 -11520 26880 -11136 26112 -11136
prism curtain_north_postern 8a8a82 3072 6656 4 30720 -11520 32256 -11520 32256 -9984 30720 -9984
prism curtain_north_postern:batter 6e6a62 3072 4096 4 30336 -11904 32640 -11904 32640 -9600 30336 -9600
prism curtain_north_postern:merlon1 a8a49c 6656 7424 4 30720 -11520 31488 -11520 31488 -11136 30720 -11136
prism curtain_north_postern:merlon2 a8a49c 6656 7424 4 31872 -11520 32256 -11520 32256 -10752 31872 -10752
prism curtain_north_postern:merlon3 a8a49c 6656 7424 4 31488 -10368 32256 -10368 32256 -9984 31488 -9984
prism curtain_north_postern:merlon4 a8a49c 6656 7424 4 30720 -10752 31104 -10752 31104 -9984 30720 -9984
prism curtain_south 8a8a82 3072 7680 4 13824 9984 32256 9984 32256 11520 13824 11520
prism curtain_south:batter 6e6a62 3072 4096 4 13440 9600 32640 9600 32640 11904 13440 11904
prism curtain_south:merlon1 a8a49c 7680 8448 4 13824 9984 14592 9984 14592 10368 13824 10368
prism curtain_south:merlon10 a8a49c 7680 8448 4 27648 9984 28416 9984 28416 10368 27648 10368
prism curtain_south:merlon11 a8a49c 7680 8448 4 29184 9984 29952 9984 29952 10368 29184 10368
prism curtain_south:merlon12 a8a49c 7680 8448 4 30720 9984 31488 9984 31488 10368 30720 10368
prism curtain_south:merlon13 a8a49c 7680 8448 4 31872 9984 32256 9984 32256 10752 31872 10752
prism curtain_south:merlon14 a8a49c 7680 8448 4 31488 11136 32256 11136 32256 11520 31488 11520
prism curtain_south:merlon15 a8a49c 7680 8448 4 29952 11136 30720 11136 30720 11520 29952 11520
prism curtain_south:merlon16 a8a49c 7680 8448 4 28416 11136 29184 11136 29184 11520 28416 11520
prism curtain_south:merlon17 a8a49c 7680 8448 4 26880 11136 27648 11136 27648 11520 26880 11520
prism curtain_south:merlon18 a8a49c 7680 8448 4 25344 11136 26112 11136 26112 11520 25344 11520
prism curtain_south:merlon19 a8a49c 7680 8448 4 23808 11136 24576 11136 24576 11520 23808 11520
prism curtain_south:merlon2 a8a49c 7680 8448 4 15360 9984 16128 9984 16128 10368 15360 10368
prism curtain_south:merlon20 a8a49c 7680 8448 4 22272 11136 23040 11136 23040 11520 22272 11520
prism curtain_south:merlon21 a8a49c 7680 8448 4 20736 11136 21504 11136 21504 11520 20736 11520
prism curtain_south:merlon22 a8a49c 7680 8448 4 19200 11136 19968 11136 19968 11520 19200 11520
prism curtain_south:merlon23 a8a49c 7680 8448 4 17664 11136 18432 11136 18432 11520 17664 11520
prism curtain_south:merlon24 a8a49c 7680 8448 4 16128 11136 16896 11136 16896 11520 16128 11520
prism curtain_south:merlon25 a8a49c 7680 8448 4 14592 11136 15360 11136 15360 11520 14592 11520
prism curtain_south:merlon26 a8a49c 7680 8448 4 13824 10752 14208 10752 14208 11520 13824 11520
prism curtain_south:merlon3 a8a49c 7680 8448 4 16896 9984 17664 9984 17664 10368 16896 10368
prism curtain_south:merlon4 a8a49c 7680 8448 4 18432 9984 19200 9984 19200 10368 18432 10368
prism curtain_south:merlon5 a8a49c 7680 8448 4 19968 9984 20736 9984 20736 10368 19968 10368
prism curtain_south:merlon6 a8a49c 7680 8448 4 21504 9984 22272 9984 22272 10368 21504 10368
prism curtain_south:merlon7 a8a49c 7680 8448 4 23040 9984 23808 9984 23808 10368 23040 10368
prism curtain_south:merlon8 a8a49c 7680 8448 4 24576 9984 25344 9984 25344 10368 24576 10368
prism curtain_south:merlon9 a8a49c 7680 8448 4 26112 9984 26880 9984 26880 10368 26112 10368
prism curtain_west_north 8a8a82 3584 7424 4 13056 -10752 14592 -10752 14592 -3072 13056 -3072
prism curtain_west_north:batter 6e6a62 3584 4608 4 12672 -11136 14976 -11136 14976 -2688 12672 -2688
prism curtain_west_north:merlon1 a8a49c 7424 8192 4 13056 -10752 13824 -10752 13824 -10368 13056 -10368
prism curtain_west_north:merlon10 a8a49c 7424 8192 4 13056 -6912 13440 -6912 13440 -6144 13056 -6144
prism curtain_west_north:merlon11 a8a49c 7424 8192 4 13056 -8448 13440 -8448 13440 -7680 13056 -7680
prism curtain_west_north:merlon12 a8a49c 7424 8192 4 13056 -9984 13440 -9984 13440 -9216 13056 -9216
prism curtain_west_north:merlon2 a8a49c 7424 8192 4 14208 -10752 14592 -10752 14592 -9984 14208 -9984
prism curtain_west_north:merlon3 a8a49c 7424 8192 4 14208 -9216 14592 -9216 14592 -8448 14208 -8448
prism curtain_west_north:merlon4 a8a49c 7424 8192 4 14208 -7680 14592 -7680 14592 -6912 14208 -6912
prism curtain_west_north:merlon5 a8a49c 7424 8192 4 14208 -6144 14592 -6144 14592 -5376 14208 -5376
prism curtain_west_north:merlon6 a8a49c 7424 8192 4 14208 -4608 14592 -4608 14592 -3840 14208 -3840
prism curtain_west_north:merlon7 a8a49c 7424 8192 4 13824 -3456 14592 -3456 14592 -3072 13824 -3072
prism curtain_west_north:merlon8 a8a49c 7424 8192 4 13056 -3840 13440 -3840 13440 -3072 13056 -3072
prism curtain_west_north:merlon9 a8a49c 7424 8192 4 13056 -5376 13440 -5376 13440 -4608 13056 -4608
prism curtain_west_south 8a8a82 3328 7424 4 13056 3072 14592 3072 14592 10752 13056 10752
prism curtain_west_south:batter 6e6a62 3328 4352 4 12672 2688 14976 2688 14976 11136 12672 11136
prism curtain_west_south:merlon1 a8a49c 7424 8192 4 13056 3072 13824 3072 13824 3456 13056 3456
prism curtain_west_south:merlon10 a8a49c 7424 8192 4 13056 6912 13440 6912 13440 7680 13056 7680
prism curtain_west_south:merlon11 a8a49c 7424 8192 4 13056 5376 13440 5376 13440 6144 13056 6144
prism curtain_west_south:merlon12 a8a49c 7424 8192 4 13056 3840 13440 3840 13440 4608 13056 4608
prism curtain_west_south:merlon2 a8a49c 7424 8192 4 14208 3072 14592 3072 14592 3840 14208 3840
prism curtain_west_south:merlon3 a8a49c 7424 8192 4 14208 4608 14592 4608 14592 5376 14208 5376
prism curtain_west_south:merlon4 a8a49c 7424 8192 4 14208 6144 14592 6144 14592 6912 14208 6912
prism curtain_west_south:merlon5 a8a49c 7424 8192 4 14208 7680 14592 7680 14592 8448 14208 8448
prism curtain_west_south:merlon6 a8a49c 7424 8192 4 14208 9216 14592 9216 14592 9984 14208 9984
prism curtain_west_south:merlon7 a8a49c 7424 8192 4 13824 10368 14592 10368 14592 10752 13824 10752
prism curtain_west_south:merlon8 a8a49c 7424 8192 4 13056 9984 13440 9984 13440 10752 13056 10752
prism curtain_west_south:merlon9 a8a49c 7424 8192 4 13056 8448 13440 8448 13440 9216 13056 9216
prism gate_machicolation 7e7a72 8448 9984 4 12288 -2304 16128 -2304 16128 2304 12288 2304
prism gate_machicolation:merlon1 a8a49c 9984 10752 4 12288 -2304 13056 -2304 13056 -1920 12288 -1920
prism gate_machicolation:merlon10 a8a49c 9984 10752 4 12288 1536 12672 1536 12672 2304 12288 2304
prism gate_machicolation:merlon11 a8a49c 9984 10752 4 12288 0 12672 0 12672 768 12288 768
prism gate_machicolation:merlon12 a8a49c 9984 10752 4 12288 -1536 12672 -1536 12672 -768 12288 -768
prism gate_machicolation:merlon2 a8a49c 9984 10752 4 13824 -2304 14592 -2304 14592 -1920 13824 -1920
prism gate_machicolation:merlon3 a8a49c 9984 10752 4 15360 -2304 16128 -2304 16128 -1920 15360 -1920
prism gate_machicolation:merlon4 a8a49c 9984 10752 4 15744 -2304 16128 -2304 16128 -1536 15744 -1536
prism gate_machicolation:merlon5 a8a49c 9984 10752 4 15744 -768 16128 -768 16128 0 15744 0
prism gate_machicolation:merlon6 a8a49c 9984 10752 4 15744 768 16128 768 16128 1536 15744 1536
prism gate_machicolation:merlon7 a8a49c 9984 10752 4 15360 1920 16128 1920 16128 2304 15360 2304
prism gate_machicolation:merlon8 a8a49c 9984 10752 4 13824 1920 14592 1920 14592 2304 13824 2304
prism gate_machicolation:merlon9 a8a49c 9984 10752 4 12288 1920 13056 1920 13056 2304 12288 2304
prism gate_tower_north 9a968c 3584 10752 8 12288 -5376 15360 -5376 16128 -4608 16128 -1536 15360 -768 12288 -768 11520 -1536 11520 -4608
prism gate_tower_north:merlon1 a8a49c 10752 11520 4 12288 -5376 13056 -5376 13056 -4992 12288 -4992
prism gate_tower_north:merlon2 a8a49c 10752 11520 4 13824 -5376 14592 -5376 14592 -4992 13824 -4992
prism gate_tower_north:merlon3 a8a49c 10752 11520 4 15744 -4608 16128 -4608 16128 -3840 15744 -3840
prism gate_tower_north:merlon4 a8a49c 10752 11520 4 15744 -3072 16128 -3072 16128 -2304 15744 -2304
prism gate_tower_north:merlon5 a8a49c 10752 11520 4 14592 -1152 15360 -1152 15360 -768 14592 -768
prism gate_tower_north:merlon6 a8a49c 10752 11520 4 13056 -1152 13824 -1152 13824 -768 13056 -768
prism gate_tower_north:merlon7 a8a49c 10752 11520 4 11520 -2304 11904 -2304 11904 -1536 11520 -1536
prism gate_tower_north:merlon8 a8a49c 10752 11520 4 11520 -3840 11904 -3840 11904 -3072 11520 -3072
prism gate_tower_south 9a968c 3328 10752 8 12288 768 15360 768 16128 1536 16128 4608 15360 5376 12288 5376 11520 4608 11520 1536
prism gate_tower_south:merlon1 a8a49c 10752 11520 4 12288 768 13056 768 13056 1152 12288 1152
prism gate_tower_south:merlon2 a8a49c 10752 11520 4 13824 768 14592 768 14592 1152 13824 1152
prism gate_tower_south:merlon3 a8a49c 10752 11520 4 15744 1536 16128 1536 16128 2304 15744 2304
prism gate_tower_south:merlon4 a8a49c 10752 11520 4 15744 3072 16128 3072 16128 3840 15744 3840
prism gate_tower_south:merlon5 a8a49c 10752 11520 4 14592 4992 15360 4992 15360 5376 14592 5376
prism gate_tower_south:merlon6 a8a49c 10752 11520 4 13056 4992 13824 4992 13824 5376 13056 5376
prism gate_tower_south:merlon7 a8a49c 10752 11520 4 11520 3840 11904 3840 11904 4608 11520 4608
prism gate_tower_south:merlon8 a8a49c 10752 11520 4 11520 2304 11904 2304 11904 3072 11520 3072
prism great_hall 7e7a72 3072 6400 4 16896 3840 21504 3840 21504 8448 16896 8448
prism inner_wall_north 8a8a82 3072 7936 4 22272 -7680 23808 -7680 23808 -768 22272 -768
prism inner_wall_north:merlon1 a8a49c 7936 8704 4 22272 -7680 23040 -7680 23040 -7296 22272 -7296
prism inner_wall_north:merlon10 a8a49c 7936 8704 4 22272 -4608 22656 -4608 22656 -3840 22272 -3840
prism inner_wall_north:merlon11 a8a49c 7936 8704 4 22272 -6144 22656 -6144 22656 -5376 22272 -5376
prism inner_wall_north:merlon12 a8a49c 7936 8704 4 22272 -7680 22656 -7680 22656 -6912 22272 -6912
prism inner_wall_north:merlon2 a8a49c 7936 8704 4 23424 -7680 23808 -7680 23808 -6912 23424 -6912
prism inner_wall_north:merlon3 a8a49c 7936 8704 4 23424 -6144 23808 -6144 23808 -5376 23424 -5376
prism inner_wall_north:merlon4 a8a49c 7936 8704 4 23424 -4608 23808 -4608 23808 -3840 23424 -3840
prism inner_wall_north:merlon5 a8a49c 7936 8704 4 23424 -3072 23808 -3072 23808 -2304 23424 -2304
prism inner_wall_north:merlon6 a8a49c 7936 8704 4 23424 -1536 23808 -1536 23808 -768 23424 -768
prism inner_wall_north:merlon7 a8a49c 7936 8704 4 23040 -1152 23808 -1152 23808 -768 23040 -768
prism inner_wall_north:merlon8 a8a49c 7936 8704 4 22272 -1536 22656 -1536 22656 -768 22272 -768
prism inner_wall_north:merlon9 a8a49c 7936 8704 4 22272 -3072 22656 -3072 22656 -2304 22272 -2304
prism inner_wall_south 8a8a82 3584 7936 4 22272 768 23808 768 23808 7680 22272 7680
prism inner_wall_south:merlon1 a8a49c 7936 8704 4 22272 768 23040 768 23040 1152 22272 1152
prism inner_wall_south:merlon10 a8a49c 7936 8704 4 22272 3840 22656 3840 22656 4608 22272 4608
prism inner_wall_south:merlon11 a8a49c 7936 8704 4 22272 2304 22656 2304 22656 3072 22272 3072
prism inner_wall_south:merlon12 a8a49c 7936 8704 4 22272 768 22656 768 22656 1536 22272 1536
prism inner_wall_south:merlon2 a8a49c 7936 8704 4 23424 768 23808 768 23808 1536 23424 1536
prism inner_wall_south:merlon3 a8a49c 7936 8704 4 23424 2304 23808 2304 23808 3072 23424 3072
prism inner_wall_south:merlon4 a8a49c 7936 8704 4 23424 3840 23808 3840 23808 4608 23424 4608
prism inner_wall_south:merlon5 a8a49c 7936 8704 4 23424 5376 23808 5376 23808 6144 23424 6144
prism inner_wall_south:merlon6 a8a49c 7936 8704 4 23424 6912 23808 6912 23808 7680 23424 7680
prism inner_wall_south:merlon7 a8a49c 7936 8704 4 23040 7296 23808 7296 23808 7680 23040 7680
prism inner_wall_south:merlon8 a8a49c 7936 8704 4 22272 6912 22656 6912 22656 7680 22272 7680
prism inner_wall_south:merlon9 a8a49c 7936 8704 4 22272 5376 22656 5376 22656 6144 22272 6144
prism keep 7e7a72 4352 11520 4 26112 -3840 30720 -3840 30720 3840 26112 3840
prism keep_forebuilding 7e7a72 4608 9472 4 23808 -1536 26112 -1536 26112 1536 23808 1536
prism keep_turret_ne 9a968c 4096 12544 8 30208 -4608 31232 -4608 31488 -4352 31488 -3328 31232 -3072 30208 -3072 29952 -3328 29952 -4352
prism keep_turret_nw 9a968c 4096 12800 8 25600 -4608 26624 -4608 26880 -4352 26880 -3328 26624 -3072 25600 -3072 25344 -3328 25344 -4352
prism keep_turret_se 9a968c 4352 13056 8 30208 3072 31232 3072 31488 3328 31488 4352 31232 4608 30208 4608 29952 4352 29952 3328
prism keep_turret_sw 9a968c 4096 12800 8 25600 3072 26624 3072 26880 3328 26880 4352 26624 4608 25600 4608 25344 4352 25344 3328
prism stables 7e7a72 3328 5632 4 15360 -9984 20736 -9984 20736 -7680 15360 -7680
prism tower_ne 9a968c 3072 8704 8 30720 -13056 33792 -13056 34560 -12288 34560 -9216 33792 -8448 30720 -8448 29952 -9216 29952 -12288
prism tower_ne:merlon1 a8a49c 8704 9472 4 30720 -13056 31488 -13056 31488 -12672 30720 -12672
prism tower_ne:merlon2 a8a49c 8704 9472 4 32256 -13056 33024 -13056 33024 -12672 32256 -12672
prism tower_ne:merlon3 a8a49c 8704 9472 4 34176 -12288 34560 -12288 34560 -11520 34176 -11520
prism tower_ne:merlon4 a8a49c 8704 9472 4 34176 -10752 34560 -10752 34560 -9984 34176 -9984
prism tower_ne:merlon5 a8a49c 8704 9472 4 33024 -8832 33792 -8832 33792 -8448 33024 -8448
prism tower_ne:merlon6 a8a49c 8704 9472 4 31488 -8832 32256 -8832 32256 -8448 31488 -8448
prism tower_ne:merlon7 a8a49c 8704 9472 4 29952 -9984 30336 -9984 30336 -9216 29952 -9216
prism tower_ne:merlon8 a8a49c 8704 9472 4 29952 -11520 30336 -11520 30336 -10752 29952 -10752
prism tower_nw 9a968c 3072 8960 8 12288 -13056 15360 -13056 16128 -12288 16128 -9216 15360 -8448 12288 -8448 11520 -9216 11520 -12288
prism tower_nw:merlon1 a8a49c 8960 9728 4 12288 -13056 13056 -13056 13056 -12672 12288 -12672
prism tower_nw:merlon2 a8a49c 8960 9728 4 13824 -13056 14592 -13056 14592 -12672 13824 -12672
prism tower_nw:merlon3 a8a49c 8960 9728 4 15744 -12288 16128 -12288 16128 -11520 15744 -11520
prism tower_nw:merlon4 a8a49c 8960 9728 4 15744 -10752 16128 -10752 16128 -9984 15744 -9984
prism tower_nw:merlon5 a8a49c 8960 9728 4 14592 -8832 15360 -8832 15360 -8448 14592 -8448
prism tower_nw:merlon6 a8a49c 8960 9728 4 13056 -8832 13824 -8832 13824 -8448 13056 -8448
prism tower_nw:merlon7 a8a49c 8960 9728 4 11520 -9984 11904 -9984 11904 -9216 11520 -9216
prism tower_nw:merlon8 a8a49c 8960 9728 4 11520 -11520 11904 -11520 11904 -10752 11520 -10752
prism tower_se 9a968c 4096 9728 8 30720 8448 33792 8448 34560 9216 34560 12288 33792 13056 30720 13056 29952 12288 29952 9216
prism tower_se:merlon1 a8a49c 9728 10496 4 30720 8448 31488 8448 31488 8832 30720 8832
prism tower_se:merlon2 a8a49c 9728 10496 4 32256 8448 33024 8448 33024 8832 32256 8832
prism tower_se:merlon3 a8a49c 9728 10496 4 34176 9216 34560 9216 34560 9984 34176 9984
prism tower_se:merlon4 a8a49c 9728 10496 4 34176 10752 34560 10752 34560 11520 34176 11520
prism tower_se:merlon5 a8a49c 9728 10496 4 33024 12672 33792 12672 33792 13056 33024 13056
prism tower_se:merlon6 a8a49c 9728 10496 4 31488 12672 32256 12672 32256 13056 31488 13056
prism tower_se:merlon7 a8a49c 9728 10496 4 29952 11520 30336 11520 30336 12288 29952 12288
prism tower_se:merlon8 a8a49c 9728 10496 4 29952 9984 30336 9984 30336 10752 29952 10752
prism tower_sw 9a968c 2816 8960 8 12288 8448 15360 8448 16128 9216 16128 12288 15360 13056 12288 13056 11520 12288 11520 9216
prism tower_sw:merlon1 a8a49c 8960 9728 4 12288 8448 13056 8448 13056 8832 12288 8832
prism tower_sw:merlon2 a8a49c 8960 9728 4 13824 8448 14592 8448 14592 8832 13824 8832
prism tower_sw:merlon3 a8a49c 8960 9728 4 15744 9216 16128 9216 16128 9984 15744 9984
prism tower_sw:merlon4 a8a49c 8960 9728 4 15744 10752 16128 10752 16128 11520 15744 11520
prism tower_sw:merlon5 a8a49c 8960 9728 4 14592 12672 15360 12672 15360 13056 14592 13056
prism tower_sw:merlon6 a8a49c 8960 9728 4 13056 12672 13824 12672 13824 13056 13056 13056
prism tower_sw:merlon7 a8a49c 8960 9728 4 11520 11520 11904 11520 11904 12288 11520 12288
prism tower_sw:merlon8 a8a49c 8960 9728 4 11520 9984 11904 9984 11904 10752 11520 10752
prism well 9a968c 4608 5888 8 19456 -768 20480 -768 20736 -512 20736 512 20480 768 19456 768 19200 512 19200 -512
