# fpsdemo v1.3 input trace: keys dx dy (one line per frame)
0 3 0
0 18 9
0 4 4
0 0 2
0 2 3
0 0 4
0 0 3
0 0 2
0 0 1
0 1 2
0 0 0
0 0 0
0 0 0
0 0 0
0 0 0
0 0 0
0 0 0
0 0 0
0 0 0
0 0 0
0 0 0
0 0 0
0 0 0
0 0 0
0 0 0
0 0 0
0 0 0
0 0 0
0 0 0
0 0 0
0 0 0
0 0 0
0 0 0
0 0 0
0 0 0
0 0 0
0 0 0
0 0 0
0 0 0
0 0 0
0 0 0
0 0 0
0 0 0
0 0 0
0 0 0
0 0 0
0 0 0
0 0 0
0 0 0
0 0 0
0 0 0
0 0 0
0 0 0
0 0 0
0 0 0
0 0 0
0 0 0
0 0 0
0 0 0
0 0 0
0 0 0
0 0 0
0 0 0
0 0 0
0 0 0
0 0 0
0 0 0
0 0 0
0 0 0
0 0 0
0 0 0
0 0 0
0 0 0
0 0 0
0 0 0
0 0 0
0 2 0
0 10 0
0 17 0
0 18 1
0 18 0
0 18 2
0 19 0
0 5 1
0 4 2
0 0 0
0 0 0
0 0 0
0 0 0
0 0 0
0 0 0
0 0 0
0 0 0
0 0 0
0 0 0
0 0 0
0 0 0
0 0 0
0 0 0
0 0 0
0 0 0
0 0 0
0 0 0
0 0 0
0 0 0
0 0 0
0 0 0
0 0 0
0 0 0
0 0 0
0 0 0
0 0 0
0 0 0
0 5 3
0 4 1
0 6 3
0 9 5
0 6 3
0 6 1
0 5 3
0 3 2
0 1 0
0 0 0
0 0 0
0 0 0
0 0 0
0 0 0
0 0 0
0 0 0
0 0 0
0 0 0
0 0 0
0 0 0
0 0 0
0 0 0
0 0 0
0 0 0
0 0 0
0 0 0
0 0 0
0 0 0
0 0 0
0 0 0
0 0 0
0 0 0
0 3 1
0 5 0
0 7 5
0 6 3
0 8 1
0 7 3
0 14 6
0 6 2
0 3 0
0 1 1
0 0 0
0 0 0
0 0 0
0 0 0
0 0 0
0 0 0
0 0 0
0 0 0
0 0 0
0 0 0
0 0 0
0 0 0
0 2 2
0 1 1
0 3 3
0 8 8
0 7 9
0 9 9
0 9 7
0 6 6
0 3 8
0 1 7
0 2 6
0 0 6
0 1 6
0 0 6
0 0 6
0 -1 6
0 -1 5
0 -3 6
0 -3 6
0 -2 3
0 -1 7
0 -2 9
0 0 6
0 0 8
0 0 6
0 3 6
0 1 6
0 2 4
0 1 5
0 2 3
0 0 4
0 1 3
0 2 5
0 0 4
0 0 2
0 0 4
0 0 3
0 0 3
0 0 3
0 0 1
0 0 3
0 0 2
0 0 0
0 -1 0
0 0 3
0 0 0
0 0 0
0 0 1
0 0 0
0 -2 5
0 0 1
0 -1 2
0 0 1
0 0 0
0 0 2
0 0 0
0 -2 0
0 -1 -1
0 -2 0
0 -3 0
0 -4 0
0 -5 0
0 -6 0
0 -6 -2
0 -4 0
0 -6 -1
0 -5 -2
0 -7 -3
0 -6 -1
0 -6 -2
0 -5 -1
0 -6 -3
0 -9 -3
0 -9 -5
0 -11 -3
0 -12 -3
0 -10 -3
0 -11 -2
0 -10 -3
0 -11 -3
0 -10 -3
0 -9 -3
0 -9 -3
0 -6 -2
0 -9 -4
0 -5 0
0 -6 -3
0 -9 -3
0 -9 -3
0 -10 -3
0 -12 -4
0 -18 -5
0 -17 -3
0 -15 -3
0 -12 -3
0 -10 -1
0 -8 0
0 -4 -2
0 -8 0
0 -3 0
0 -1 0
0 0 0
0 -2 0
0 0 -1
0 -1 -1
0 -5 0
0 -4 0
0 -8 0
0 -18 0
0 -18 0
0 -28 0
0 -26 0
0 -25 1
0 -23 0
0 -13 0
0 -12 0
0 -17 0
0 0 0
0 0 0
0 0 0
0 0 0
0 0 0
0 0 0
0 0 0
0 0 0
0 -1 1
0 -2 2
0 0 0
0 -3 1
0 0 2
0 -1 1
0 -2 3
0 0 2
0 0 0
0 0 0
0 0 0
0 0 1
0 -1 0
0 -2 2
0 0 1
0 -1 0
0 0 0
0 -2 2
0 -3 1
0 0 0
0 -1 2
0 -2 1
0 -1 0
0 -3 2
0 -5 3
0 -6 3
0 -10 1
0 -14 5
0 -16 4
0 -18 3
0 -20 2
0 -18 3
0 -18 1
0 -27 2
0 -19 4
0 -24 3
0 -24 5
0 -23 4
0 -19 5
0 -18 4
0 -18 3
0 -19 3
0 -18 5
0 -32 4
0 -27 2
0 -27 1
0 -27 2
0 -28 3
0 -23 0
0 -18 0
0 -25 1
0 -36 2
0 -30 0
0 -35 1
0 -33 2
0 -37 0
0 -39 0
0 -83 0
0 -31 -1
0 -30 -2
0 -30 -1
0 -29 -3
0 -27 -2
0 -25 0
0 -27 -1
0 -26 -2
0 -27 -3
0 -18 -1
0 -22 -2
0 -27 -3
0 -29 -4
0 -31 -6
0 -54 -3
0 -47 -5
0 -49 -9
0 -53 -9
0 -57 -7
0 -57 -8
0 -55 -7
0 -56 -4
0 -55 -8
0 -50 -6
0 -48 -3
0 -36 -3
0 -49 -4
0 -45 -6
0 -23 -5
0 -36 -7
0 -37 -9
0 -39 -8
0 -47 -7
0 -70 -11
0 -48 -4
0 -83 -6
0 -43 -2
0 -53 -4
0 -55 -3
0 -41 -2
0 -40 0
0 -41 0
0 -30 0
0 -24 0
0 -14 0
0 -10 0
0 -5 1
0 -9 3
0 -7 3
0 -9 3
0 -11 2
0 -16 3
0 -18 4
0 -23 3
0 -19 8
0 -18 4
0 -17 8
0 -22 12
0 -20 12
0 -18 9
0 -18 9
0 -13 10
0 -23 15
0 -18 15
0 -15 15
0 -24 23
0 -24 18
0 -27 18
0 -27 19
0 -27 20
0 -27 19
0 -27 23
0 -42 27
0 -33 18
0 -30 18
0 -28 16
0 -32 17
0 -30 13
0 -48 23
0 -28 10
0 -27 8
0 -23 4
0 -18 3
0 -40 3
0 -20 0
0 -9 -7
0 0 -4
0 0 0
0 0 0
0 0 0
0 0 0
0 0 0
0 0 0
0 0 0
0 0 0
0 0 0
0 0 0
0 0 0
0 0 0
0 0 0
0 0 0
0 0 0
0 0 0
0 0 0
0 0 0
0 0 0
0 0 0
0 0 0
0 0 0
0 0 0
0 0 0
0 0 0
0 0 0
0 0 0
0 0 0
0 0 0
0 0 0
0 0 0
0 0 0
0 0 0
0 0 0
0 0 0
0 0 0
0 0 0
0 0 0
0 0 0
0 0 0
0 0 0
0 0 0
0 0 0
0 0 0
0 0 0
0 0 0
0 0 0
0 0 0
0 0 0
0 0 0
0 0 0
0 0 0
0 0 0
0 0 0
0 3 0
0 7 0
0 3 0
0 2 0
0 -1 -2
0 -1 -1
0 0 0
0 -2 0
0 -2 1
0 -1 1
0 0 0
0 -2 2
0 -3 0
0 -3 0
0 -9 4
0 -12 8
0 -19 6
0 -27 9
0 -30 4
0 -39 6
0 -56 6
0 -48 3
0 -51 3
0 -54 0
0 -61 2
0 -50 0
0 -57 1
0 -61 3
0 -50 0
0 -51 2
0 -43 0
0 -48 0
0 -48 1
0 -48 0
0 -56 0
0 -60 2
0 -73 0
0 -59 0
0 -63 -1
0 -66 -2
0 -57 -3
0 -57 -1
0 -51 -2
0 -40 0
0 -53 -3
0 -54 -1
0 -49 -3
0 -48 -3
0 -47 -5
0 -54 -4
0 -48 -3
0 -64 -3
0 -65 -5
0 -67 -6
0 -71 -6
0 -75 -7
0 -73 -5
0 -86 -9
0 -64 -3
0 -60 -3
0 -51 -1
0 -39 -6
0 -33 -6
0 -20 -5
0 -12 -4
0 -6 -3
0 -4 -2
0 -5 -1
0 -7 -5
0 -11 -4
0 -13 -11
0 -24 -10
0 -36 -17
0 -44 -18
0 -60 -30
0 -51 -27
0 -46 -27
0 -42 -25
0 -38 -24
0 -30 -23
0 -24 -18
0 -19 -19
0 -11 -14
0 -7 -12
0 -3 -6
0 -2 -7
0 -1 -6
0 -3 -8
0 -5 -10
0 -4 -11
0 -9 -10
0 -8 -12
0 -12 -15
0 -9 -12
0 -7 -9
0 -8 -9
0 -4 -6
0 -5 -5
0 -1 -3
0 0 -1
0 0 0
0 0 -5
0 2 -3
0 2 -9
0 3 -12
0 3 -7
0 1 -9
0 0 -11
0 0 -12
0 0 -9
0 0 -10
0 2 -8
0 3 -9
0 3 -9
0 1 -3
0 3 -3
0 2 -1
0 4 -2
0 5 -1
0 9 -2
0 9 -1
0 15 -2
0 22 -1
0 21 0
0 29 0
0 25 0
0 39 0
0 35 0
0 40 1
0 51 4
0 48 8
0 53 7
0 52 6
0 53 11
0 61 15
0 56 19
0 57 20
0 52 21
0 56 19
0 52 20
0 66 27
0 48 25
0 48 21
0 48 18
0 41 18
0 33 15
0 43 20
0 33 15
0 27 9
0 27 9
0 21 9
0 17 7
0 24 12
0 13 6
0 14 6
0 10 6
0 11 6
0 12 9
0 19 9
0 18 11
0 20 9
0 25 13
0 26 15
0 25 14
0 33 16
0 26 18
0 25 18
0 26 17
0 21 18
0 18 12
0 22 13
0 9 9
0 8 6
0 7 9
0 9 8
0 9 9
0 11 12
0 4 12
0 9 12
0 8 13
0 9 17
0 10 18
0 12 22
0 9 18
0 9 18
0 8 11
0 6 12
0 4 9
0 6 10
0 5 9
0 4 9
0 8 9
0 4 8
0 5 10
0 4 15
0 5 8
0 6 10
0 7 11
0 8 13
0 6 11
0 9 16
0 6 18
0 7 14
0 9 15
0 6 10
0 9 9
0 8 9
0 4 6
0 6 6
0 8 11
0 7 4
0 8 5
0 12 7
0 6 3
0 7 3
0 16 9
0 9 3
0 9 3
0 8 5
0 9 4
0 7 2
0 12 3
0 8 3
0 9 0
0 9 1
0 10 2
0 11 1
0 15 0
0 18 0
0 18 0
0 17 0
0 36 -2
0 24 -2
0 42 -4
0 36 -5
0 40 -7
0 30 -6
0 45 -12
0 46 -9
0 48 -12
0 41 -12
0 60 -20
0 58 -18
0 72 -21
0 47 -13
0 76 -18
0 72 -11
0 78 -6
0 74 -6
0 69 -6
0 73 -7
0 92 -11
0 75 -9
0 73 -7
0 74 -9
0 72 -5
0 66 -7
0 79 -9
0 68 -8
0 67 -4
0 68 -11
0 66 -7
0 63 -9
0 81 -9
0 66 -9
0 64 -9
0 63 -9
0 59 -9
0 57 -3
0 39 -5
0 53 -1
0 46 -3
0 47 0
0 40 -2
0 45 -1
0 47 -2
0 27 0
0 27 0
0 27 0
0 19 0
0 18 0
0 17 0
0 18 0
0 18 0
0 18 0
0 17 1
0 10 2
0 9 1
0 6 3
0 8 2
0 4 3
0 9 4
0 5 3
0 4 5
0 8 9
0 6 7
0 7 6
0 8 11
0 4 7
0 3 8
0 6 9
0 6 10
0 6 9
0 6 14
0 8 13
0 7 15
0 9 15
0 3 11
0 8 12
0 4 10
0 3 11
0 6 10
0 8 9
0 9 11
0 10 13
0 9 11
0 11 10
0 12 11
0 15 9
0 18 9
0 13 6
0 5 4
0 -3 -5
0 -10 -18
0 -24 -29
0 -9 -9
0 0 0
0 0 0
0 0 0
0 0 0
0 0 0
0 0 0
0 0 0
0 0 0
0 0 0
0 0 0
0 0 0
0 0 0
0 0 0
0 0 0
0 0 0
0 0 0
0 0 0
0 0 0
0 0 0
0 0 0
0 0 0
0 0 0
0 0 0
0 0 0
0 0 0
0 0 0
0 0 0
0 0 0
0 0 0
0 0 0
0 0 0
0 0 0
0 0 0
0 0 0
0 0 0
0 0 0
0 0 0
0 0 0
0 0 0
0 0 0
0 0 0
0 0 0
0 0 0
0 0 0
0 0 0
0 0 0
0 0 0
0 0 0
0 0 0
0 0 0
0 0 0
0 0 0
0 0 0
0 0 0
0 0 0
0 0 0
0 0 0
0 0 0
0 0 0
0 -8 -6
0 -6 -3
0 -10 -6
0 -12 -4
0 -12 -3
0 -18 -3
0 -15 -5
0 -14 -3
0 -21 -6
0 -22 -7
0 -47 -11
0 -33 -9
0 -64 -15
0 -80 -22
0 -67 -24
0 -81 -26
0 -69 -21
0 -90 -24
0 -96 -20
0 -93 -18
0 -87 -18
0 -81 -16
0 -74 -12
0 -66 -11
0 -73 -9
0 -71 -6
0 -63 -6
0 -58 -6
0 -65 -9
0 -45 -7
0 -33 -5
0 -22 -3
0 -17 -7
0 -13 -5
0 -3 -4
0 0 0
0 0 0
0 0 0
0 -2 -2
0 -1 -4
0 -3 -5
0 -3 -4
0 -3 -2
0 -3 -3
0 -6 -4
0 -5 -5
0 -4 -4
0 -3 -3
0 -2 -3
0 -3 -5
0 -4 -4
0 -6 -6
0 -3 -7
0 -7 -8
0 -9 -7
0 -9 -9
0 -11 -9
0 -12 -14
0 -22 -13
0 -18 -15
0 -18 -18
0 -18 -17
0 -14 -15
0 -10 -7
0 -8 -6
0 -3 -3
0 0 -2
0 0 -1
0 0 -2
0 0 -1
0 0 -3
0 1 -5
0 2 -3
0 1 -1
0 0 -2
0 0 -1
0 0 0
0 2 -2
0 0 -1
0 1 -2
0 3 -1
0 3 -5
0 5 -3
0 3 -3
0 3 -1
0 1 -3
0 2 0
0 3 -2
0 3 0
0 1 0
0 0 -1
0 2 0
0 1 -2
0 3 0
0 0 0
0 2 -1
0 4 0
0 5 -3
0 4 0
0 3 -3
0 6 0
0 5 -2
0 6 -1
0 4 -2
0 2 -1
0 1 0
0 2 -2
0 3 0
0 0 -1
0 3 0
0 1 -2
0 2 0
0 6 -1
0 6 -2
0 10 -1
0 12 -2
0 15 -1
0 12 0
0 14 -2
0 10 0
0 10 0
0 14 0
0 18 0
0 21 0
0 33 4
0 33 5
0 37 4
0 39 5
0 39 6
0 39 7
0 54 11
0 42 7
0 39 11
0 39 7
0 39 9
0 39 11
0 38 9
0 40 11
0 38 10
0 40 17
0 41 15
0 40 13
0 42 14
0 47 16
0 51 17
0 45 22
0 37 14
0 45 18
0 41 17
0 43 10
0 47 12
0 48 18
0 63 24
0 55 18
0 59 18
0 61 20
0 68 19
0 82 27
0 69 26
0 74 18
0 75 24
0 75 21
0 76 18
0 102 22
0 98 17
0 94 13
0 84 5
0 80 3
0 81 3
0 82 0
0 78 -1
0 72 -5
0 72 -9
0 65 -10
0 58 -11
0 54 -18
0 56 -24
0 27 -25
0 0 0
0 0 0
0 0 0
0 0 0
0 0 0
0 0 0
0 0 0
0 0 0
0 0 0
0 0 0
0 0 0
0 0 0
0 0 0
0 0 0
0 0 0
0 0 0
0 0 0
0 0 0
0 0 0
0 0 0
0 0 0
0 0 0
0 0 0
0 0 0
0 0 0
0 0 0
0 0 0
0 0 0
0 0 0
0 0 0
0 0 0
0 0 0
0 0 0
0 0 0
0 0 0
0 0 0
0 0 0
0 0 0
0 0 0
0 0 0
0 0 0
0 0 0
0 0 0
0 0 0
0 0 0
0 0 0
0 0 0
0 -9 -2
0 -4 10
0 -5 8
0 9 7
0 18 0
0 6 0
0 9 0
0 20 0
0 13 0
0 19 0
0 26 0
0 27 0
0 34 0
0 44 0
0 55 2
0 60 0
0 66 0
0 90 0
0 57 0
0 69 0
0 95 0
0 85 0
0 108 3
0 95 7
0 93 11
0 97 9
0 71 6
0 76 7
0 107 9
0 69 8
0 83 16
0 60 14
0 78 21
0 60 18
0 57 20
0 42 13
0 68 24
0 43 18
0 38 15
0 42 11
0 52 12
0 54 9
0 62 10
0 69 12
0 76 14
0 83 18
0 109 12
0 93 7
0 93 6
0 92 3
0 84 5
0 82 1
0 77 2
0 70 2
0 65 0
0 57 0
0 52 -7
0 57 -2
0 56 -9
0 84 -13
0 82 -18
0 89 -18
0 97 -18
0 107 -11
0 117 -9
0 129 -4
0 123 -9
0 117 -5
0 136 -3
0 101 0
0 90 -3
0 75 -4
0 64 -6
0 45 -8
0 27 -10
0 24 -12
0 17 -20
0 6 -13
0 8 -18
0 9 -21
0 7 -19
0 17 -33
0 18 -29
0 26 -29
0 37 -21
0 48 -13
0 56 -15
0 58 -17
0 77 -22
0 54 -18
0 48 -18
0 39 -17
0 33 -18
0 27 -18
0 28 -21
0 18 -18
0 21 -21
0 26 -21
0 34 -19
0 41 -20
0 61 -24
0 57 -19
0 63 -21
0 68 -24
0 66 -18
0 64 -20
0 78 -22
0 53 -18
0 39 -14
0 30 -18
0 16 -13
0 9 -12
0 5 -12
0 1 -11
0 3 -9
0 3 -10
0 3 -14
0 3 -16
0 8 -26
0 6 -19
0 4 -18
0 5 -17
0 0 -18
0 1 -15
0 0 -10
0 -9 -16
0 -20 -18
0 -27 -29
0 -40 -37
0 -47 -39
0 -49 -39
0 -72 -47
0 -44 -27
0 -64 -34
0 -59 -26
0 -49 -13
0 -38 -8
0 -37 -6
0 -20 0
0 -18 0
0 -18 -1
0 -18 0
0 -27 0
0 -37 0
0 -42 1
0 -62 3
0 -69 4
0 -79 3
0 -116 3
0 -85 0
0 -71 2
0 -52 -1
0 -33 -2
0 -33 -3
0 -36 0
0 -52 0
0 -66 0
0 -78 -3
0 -86 -3
0 -93 -3
0 -94 -1
0 -122 0
0 -102 0
0 -109 0
0 -122 4
0 -129 6
0 -172 10
0 -138 8
0 -143 4
0 -142 5
0 -141 3
0 -138 4
0 -138 3
0 -138 0
0 -134 1
0 -126 2
0 -120 0
0 -117 0
0 -109 -1
0 -111 -3
0 -75 -1
0 -140 -6
0 -72 -3
0 -93 -3
0 -93 -3
0 -89 -6
0 -84 -4
0 -87 -6
0 -90 -8
0 -75 -6
0 -79 -4
0 -54 -2
0 -95 -3
0 -66 0
0 -54 -1
0 -49 -2
0 -60 0
0 -48 0
0 -48 0
0 -48 0
0 -48 1
0 -48 3
0 -48 5
0 -47 7
0 -48 11
0 -49 9
0 -50 12
0 -43 9
0 -39 7
0 -48 12
0 -39 12
0 -35 18
0 -39 18
0 -30 18
0 -34 23
0 -18 13
0 -21 19
0 -18 26
0 -18 31
0 -17 30
0 -16 30
0 -15 36
0 -11 41
0 -13 31
0 -9 27
0 -18 42
0 -18 32
0 -21 34
0 -51 82
0 -26 36
0 -28 35
0 -30 31
0 -35 30
0 -39 27
0 -48 26
0 -48 19
0 -72 23
0 -66 18
0 -72 13
0 -57 6
0 -94 9
0 -86 6
0 -84 6
0 -81 2
0 -88 0
0 -83 0
0 -81 0
0 -103 -6
0 -84 -10
0 -84 -9
0 -81 -12
0 -77 -9
0 -76 -8
0 -75 -9
0 -73 -11
0 -75 -7
0 -65 -3
0 -61 0
0 -56 0
0 -48 0
0 -60 -2
0 -46 -1
0 -42 0
0 -39 0
0 -39 0
0 -45 0
0 -66 -3
0 -66 -5
0 -66 -1
0 -60 0
0 -29 -2
0 0 0
0 0 0
0 0 0
0 0 0
0 0 0
0 0 0
0 0 0
0 0 0
0 0 0
0 0 0
0 0 0
0 0 0
0 0 0
0 0 0
0 0 0
0 0 0
0 0 0
0 0 0
0 0 0
0 0 0
0 0 0
0 0 0
0 0 0
0 0 0
0 0 0
0 0 0
0 0 0
0 0 0
0 0 0
0 0 0
0 0 0
0 0 0
0 0 0
0 0 0
0 0 0
0 0 0
0 0 0
0 0 0
0 0 0
0 0 0
0 0 0
0 0 0
0 0 0
0 0 0
0 0 0
0 63 0
0 70 -12
0 38 -9
0 25 -4
0 20 -3
0 19 -5
0 17 -1
0 10 -2
0 6 0
0 0 0
0 -11 -1
0 -11 -5
0 -19 -6
0 -32 -7
0 -43 -9
0 -59 -9
0 -61 -9
0 -66 -11
0 -69 -4
0 -78 -2
0 -85 -4
0 -93 -3
0 -99 -3
0 -108 -3
0 -147 -5
0 -129 -3
0 -135 -6
0 -132 -7
0 -132 -6
0 -123 -8
0 -125 -6
0 -116 -11
0 -112 -12
0 -111 -9
0 -110 -9
0 -97 -9
0 -69 -5
0 -170 -17
0 -67 -4
0 -54 -5
0 -41 -4
0 -27 -6
0 -18 -5
0 -9 -4
0 -3 -3
0 -2 0
0 0 0
0 0 0
0 0 -3
0 3 -5
0 4 -4
0 0 -2
0 2 -3
0 0 -1
0 0 0
0 0 0
0 0 -3
0 0 -2
0 1 0
0 2 -3
0 1 -5
0 6 -10
0 8 -9
0 7 -6
0 11 -12
0 9 -8
0 7 -7
0 8 -6
0 6 -6
0 7 -8
0 9 -10
0 11 -17
0 10 -18
0 9 -18
0 14 -19
0 16 -24
0 18 -32
0 16 -39
0 17 -41
0 15 -45
0 9 -39
0 6 -37
0 1 -38
0 2 -33
0 -3 -42
0 -7 -39
0 -14 -36
0 -16 -46
0 -35 -56
0 -22 -27
0 -35 -33
0 -22 -19
0 -39 -26
0 -35 -18
0 -40 -12
0 -42 -6
0 -48 -6
0 -48 -1
0 -53 -2
0 -55 1
0 -53 5
0 -94 13
0 -62 14
0 -75 11
0 -71 12
0 -75 16
0 -75 18
0 -73 17
0 -92 21
0 -67 18
0 -69 18
0 -71 18
0 -75 18
0 -66 18
0 -67 24
0 -60 27
0 -61 27
0 -66 30
0 -66 29
0 -66 27
0 -66 27
0 -66 24
0 -63 28
0 -49 26
0 -42 25
0 -21 18
0 -15 21
0 -3 18
0 -1 16
0 0 12
0 1 12
0 1 11
0 5 9
0 5 18
0 9 13
0 9 11
0 7 10
0 11 11
0 9 10
0 10 8
0 11 9
0 15 7
0 18 8
0 19 9
0 29 7
0 39 9
0 37 5
0 38 7
0 40 3
0 45 6
0 54 5
0 62 1
0 66 3
0 72 0
0 78 0
0 86 0
0 90 2
0 100 1
0 92 0
0 102 0
0 106 -2
0 114 -3
0 111 -5
0 78 -4
0 124 -11
0 69 -6
0 63 -7
0 78 -11
0 77 -9
0 64 -7
0 65 -8
0 60 -7
0 51 -8
0 49 -7
0 53 -6
0 57 -8
0 64 -6
0 74 -6
0 165 -10
0 74 -3
0 75 -3
0 75 -2
0 87 -1
0 93 0
0 84 0
0 75 4
0 65 1
0 60 2
0 51 3
0 48 3
0 45 6
0 40 5
0 33 4
0 29 3
0 30 6
0 36 8
0 41 11
0 48 12
0 54 13
0 58 18
0 59 14
0 60 12
0 68 11
0 64 9
0 63 9
0 63 6
0 57 9
0 54 13
0 46 9
0 39 1
0 26 5
0 19 4
0 15 3
0 8 3
0 4 0
0 2 2
0 0 0
0 0 0
0 0 0
0 3 0
0 0 0
0 0 0
0 0 0
0 0 0
0 1 0
0 0 0
0 0 0
0 0 1
0 0 0
0 0 0
0 2 2
0 0 1
0 0 2
0 1 1
0 0 0
0 0 2
0 0 0
0 0 0
0 0 0
0 0 0
0 0 0
0 0 0
0 0 0
0 0 0
0 0 0
0 0 0
0 0 0
0 0 0
0 0 0
0 0 0
0 0 0
0 0 0
0 0 0
0 0 0
0 0 0
0 0 0
0 0 0
0 0 0
0 0 0
0 0 0
0 0 0
0 0 0
0 0 0
0 0 0
0 0 0
0 0 0
0 0 0
0 0 0
0 0 0
0 0 0
0 -7 1
0 -22 2
0 -26 0
0 -43 -1
0 -57 -3
0 -71 -5
0 -78 -7
0 -106 -11
0 -86 -9
0 -85 -12
0 -92 -15
0 -91 -16
0 -84 -18
0 -81 -18
0 -72 -13
0 -69 -9
0 -68 -9
0 -75 -11
0 -78 -12
0 -84 -10
0 -87 -11
0 -90 -9
0 -93 -10
0 -102 -8
0 -103 -10
0 -107 -10
0 -111 -9
0 -106 -12
0 -108 -12
0 -86 -12
0 -118 -26
0 -114 -21
0 -87 -18
0 -78 -18
0 -77 -13
0 -76 -17
0 -80 -18
0 -85 -19
0 -60 -14
0 -80 -19
0 -60 -14
0 -94 -22
0 -80 -14
0 -75 -10
0 -64 -8
0 -50 -4
0 -48 -8
0 -39 -6
0 -34 -9
0 -27 -6
0 -23 -7
0 -24 -3
0 -54 -9
0 -28 -5
0 -30 -4
0 -30 -6
0 -41 -9
0 -43 -8
0 -65 -7
0 -61 -5
0 -66 -1
0 -69 -2
0 -68 -1
0 -61 0
0 -86 5
0 -66 8
0 -69 9
0 -82 18
0 -71 18
0 -61 20
0 -56 28
0 -39 35
0 -34 61
0 -5 63
0 1 75
0 9 87
0 14 87
0 23 72
0 33 87
0 40 92
0 50 81
0 57 75
0 55 54
0 53 42
0 55 36
0 60 36
0 89 43
0 66 29
0 104 39
0 99 35
0 90 27
0 120 31
0 117 27
0 120 23
0 124 19
0 149 9
0 136 6
0 138 6
0 141 8
0 140 6
0 138 0
0 132 -1
0 128 -5
0 117 -9
0 106 -16
0 96 -21
0 56 -20
0 55 -36
0 26 -39
0 9 -27
0 0 -24
0 -15 -40
0 -34 -54
