# fpsdemo v1.5 input trace: keys dx dy (one line per frame)
0 0 0
0 0 0
0 0 0
0 0 0
0 0 0
0 0 0
0 0 0
0 0 0
0 0 0
0 0 0
0 0 0
0 0 0
0 0 0
0 0 0
0 0 0
0 0 0
0 0 0
0 0 0
0 0 0
0 0 0
0 0 0
0 0 0
0 0 0
0 0 0
0 0 0
0 0 0
0 0 0
0 0 0
0 0 0
0 0 0
0 0 0
0 0 0
0 0 0
0 0 0
0 0 0
0 0 0
0 0 0
0 0 0
0 0 0
0 0 0
0 0 0
0 0 0
0 0 0
0 0 0
0 0 0
0 0 0
0 0 0
0 0 0
0 0 0
0 0 0
0 0 0
0 0 0
0 0 0
0 0 0
0 0 0
0 0 0
0 0 0
0 0 0
0 0 0
0 0 0
0 0 0
0 0 0
0 0 0
0 0 0
0 0 0
0 0 0
0 0 0
0 0 0
0 0 0
0 0 0
0 0 0
0 0 0
0 0 0
0 0 0
0 0 0
0 0 0
0 0 0
0 0 0
0 0 0
0 0 0
0 0 0
0 0 0
0 0 0
0 0 0
0 0 0
0 0 0
0 0 0
0 0 0
0 0 0
0 0 0
0 0 0
0 0 0
0 0 0
0 0 0
0 0 0
0 0 0
0 0 0
0 0 0
0 0 0
0 0 0
0 0 0
0 0 0
0 0 0
0 0 0
0 0 0
0 0 0
0 0 0
0 0 0
0 0 0
0 0 0
0 0 0
0 0 0
0 0 0
0 0 0
0 0 0
0 0 0
0 0 0
0 0 0
0 0 0
0 0 0
0 0 0
0 0 0
0 0 0
0 0 0
0 0 0
0 0 0
0 0 0
0 0 0
0 0 0
0 0 0
0 0 0
0 0 0
0 0 0
0 0 0
0 0 0
0 0 0
0 0 0
0 0 0
0 0 0
0 0 0
0 0 0
0 0 0
0 0 0
0 0 0
0 0 0
0 0 0
0 0 0
0 0 0
0 0 0
0 0 0
0 0 0
0 0 0
0 0 0
0 0 0
0 0 0
0 0 0
0 0 0
0 0 0
0 0 0
0 0 0
0 0 0
0 0 0
0 0 0
0 0 0
0 0 0
0 0 0
0 0 0
0 0 0
0 0 0
0 0 0
0 0 0
0 0 0
0 0 0
0 0 0
0 0 0
0 0 0
0 0 0
0 0 0
0 0 0
0 0 0
0 0 0
0 0 0
0 0 0
0 0 0
0 0 0
0 0 0
0 0 0
0 0 0
0 0 0
0 0 0
0 0 0
0 0 0
0 0 0
0 0 0
0 0 0
0 0 0
0 0 0
0 0 0
0 0 0
0 0 0
0 0 0
0 0 0
0 0 0
0 0 0
0 0 0
0 0 0
0 0 0
0 0 0
0 0 0
0 0 0
0 0 0
0 0 0
0 0 0
0 0 0
0 0 0
0 0 0
0 0 0
0 0 0
0 0 0
0 0 0
0 0 0
0 0 0
0 0 0
0 0 0
0 0 0
0 0 0
0 0 0
0 0 0
0 0 0
0 0 0
0 0 0
0 0 0
0 0 0
0 0 0
0 0 0
0 0 0
1 0 0
1 0 0
1 0 0
1 0 0
1 0 0
1 0 0
1 0 0
1 0 0
1 0 0
1 0 0
1 0 0
1 0 0
1 0 0
1 0 0
1 0 0
1 0 0
1 0 0
1 0 0
1 0 0
1 0 0
1 0 0
1 0 0
1 0 0
1 0 0
1 0 0
1 0 0
1 0 0
1 0 0
1 0 0
1 0 0
1 0 0
1 0 0
1 0 0
1 0 0
1 0 0
1 0 0
1 0 0
1 0 0
1 0 0
1 0 0
1 0 0
1 0 0
1 0 0
1 0 0
1 0 0
1 0 0
1 0 0
1 0 0
1 0 0
1 0 0
1 0 0
1 0 0
1 0 0
1 0 0
1 0 0
1 0 0
1 0 0
1 0 0
1 0 0
1 0 0
1 0 0
1 0 0
1 0 0
1 0 0
1 0 0
1 0 0
1 0 0
1 0 0
1 0 0
1 0 0
1 0 0
1 0 0
1 0 0
1 0 0
1 0 0
1 0 0
1 0 0
1 0 0
1 0 0
1 0 0
1 0 0
1 0 0
1 0 0
1 0 0
1 0 0
1 0 0
1 0 0
1 0 0
1 0 0
1 0 0
1 0 0
1 0 0
1 0 0
1 0 0
1 0 0
1 0 0
1 0 0
1 0 0
1 0 0
1 0 0
1 0 0
1 0 0
1 0 0
1 0 0
1 0 0
1 0 0
1 0 0
1 0 0
1 0 0
1 0 0
1 0 0
1 0 0
1 0 0
1 0 0
1 0 0
1 0 0
9 0 0
9 0 0
9 0 0
9 0 0
9 0 0
9 0 0
9 0 0
9 0 0
9 0 0
9 0 0
9 0 0
9 0 0
9 0 0
9 0 0
9 0 0
9 0 0
9 0 0
9 0 0
9 0 0
9 0 0
9 0 0
9 0 0
9 0 0
9 0 0
9 0 0
9 0 0
9 0 0
9 0 0
9 0 0
9 0 0
9 0 0
9 0 0
9 0 0
9 0 0
9 0 0
9 0 0
8 0 0
8 0 0
8 0 0
8 0 0
8 0 0
8 0 0
8 0 0
8 0 0
8 0 0
8 0 0
8 0 0
8 0 0
8 0 0
8 0 0
0 0 0
0 0 0
0 0 0
0 0 0
0 0 0
0 0 0
0 0 0
8 0 0
8 0 0
8 0 0
8 0 0
8 0 0
8 0 0
8 0 0
8 0 0
8 0 0
8 0 0
8 0 0
8 0 0
8 0 0
8 0 0
8 0 0
8 0 0
8 0 0
8 0 0
8 0 0
8 0 0
8 0 0
8 0 0
8 0 0
8 0 0
8 0 0
8 0 0
8 0 0
8 0 0
8 0 0
8 0 0
8 0 0
8 0 0
8 0 0
8 0 0
8 0 0
8 0 0
8 0 0
8 0 0
8 0 0
8 0 0
8 0 0
8 0 0
8 0 0
8 0 0
8 0 0
8 0 0
8 0 0
8 0 0
8 0 0
8 0 0
8 0 0
8 0 0
8 0 0
8 0 0
8 0 0
8 0 0
8 0 0
8 0 0
8 0 0
8 0 0
8 0 0
8 0 0
8 0 0
8 0 0
8 0 0
8 0 0
8 0 0
8 0 0
8 0 0
8 0 0
8 0 0
8 0 0
8 0 0
8 0 0
8 0 0
8 0 0
8 0 0
8 0 0
8 0 0
8 0 0
8 0 0
0 0 0
0 0 0
4 0 0
4 0 0
4 0 0
4 0 0
4 0 0
4 0 0
4 0 0
4 0 0
4 0 0
4 0 0
4 0 0
4 0 0
4 0 0
4 0 0
4 0 0
4 0 0
4 0 0
4 0 0
4 0 0
4 0 0
4 0 0
6 0 0
6 0 0
6 0 0
6 0 0
6 0 0
6 0 0
2 0 0
2 0 0
2 0 0
2 0 0
2 0 0
2 0 0
2 0 0
2 0 0
2 0 0
2 0 0
2 0 0
2 0 0
2 0 0
2 0 0
2 0 0
2 0 0
2 0 0
2 0 0
2 0 0
2 0 0
2 0 0
2 0 0
2 0 0
2 0 0
2 0 0
2 0 0
2 0 0
2 0 0
2 0 0
2 0 0
2 0 0
2 0 0
2 0 0
2 0 0
2 0 0
2 0 0
2 0 0
2 0 0
2 0 0
2 0 0
2 0 0
2 0 0
2 0 0
2 0 0
2 0 0
2 0 0
2 0 0
2 0 0
2 0 0
2 0 0
2 0 0
2 0 0
2 0 0
2 0 0
2 0 0
2 0 0
2 0 0
2 0 0
2 0 0
2 0 0
2 0 0
2 0 0
2 0 0
2 0 0
2 0 0
2 0 0
2 0 0
2 0 0
2 0 0
2 0 0
2 0 0
2 0 0
2 0 0
2 0 0
2 0 0
2 0 0
2 0 0
2 0 0
2 0 0
2 0 0
2 0 0
2 0 0
3 0 0
3 0 0
3 0 0
3 0 0
3 0 0
3 0 0
3 0 0
3 0 0
3 0 0
3 0 0
3 0 0
3 0 0
3 0 0
3 0 0
3 0 0
3 0 0
3 0 0
3 0 0
3 0 0
3 0 0
3 0 0
1 0 0
1 0 0
1 0 0
1 0 0
1 0 0
1 0 0
1 0 0
1 0 0
1 0 0
1 0 0
1 0 0
1 0 0
1 0 0
1 0 0
1 0 0
1 0 0
1 0 0
1 0 0
1 0 0
1 0 0
1 0 0
1 0 0
1 0 0
1 0 0
1 0 0
1 0 0
1 0 0
1 0 0
1 0 0
1 0 0
1 0 0
1 0 0
1 0 0
1 0 0
1 0 0
1 0 0
1 0 0
1 0 0
1 0 0
1 -10 0
1 -21 0
1 -27 1
1 -28 3
1 -26 0
1 -24 1
1 -15 3
1 -9 3
1 -9 6
1 -6 5
1 -1 4
1 0 5
1 0 4
1 1 3
1 1 5
1 2 4
1 0 5
1 0 4
1 -4 9
1 -5 8
1 -6 9
1 -3 7
1 -4 3
1 -3 6
1 -2 5
1 -1 4
1 0 5
1 -2 3
1 0 4
1 0 5
1 0 3
1 -3 4
1 -1 3
1 -2 5
1 -1 0
1 0 0
1 0 0
1 0 0
1 0 0
1 0 0
1 0 0
1 0 0
1 0 0
1 0 0
1 0 0
1 0 0
1 8 3
1 12 3
1 13 6
1 9 3
1 3 1
9 -5 2
9 -20 0
9 -45 0
1 -61 -1
1 -74 -6
1 -79 -5
1 -93 -9
1 -98 -9
1 -115 -9
1 -80 -4
1 -70 -3
1 -59 0
1 -46 0
1 -36 0
1 -30 4
1 -12 4
1 -2 3
1 3 3
1 7 6
1 11 5
1 10 7
1 11 3
1 6 3
1 3 0
1 0 0
1 0 0
1 0 0
1 3 0
1 7 6
1 11 6
1 16 6
1 14 3
0 6 0
0 0 0
0 -2 0
0 -8 -3
0 -25 -7
0 -33 -9
0 -42 -5
0 -48 -4
0 -54 -3
0 -69 -3
0 -51 0
0 -48 0
0 -50 2
0 -55 3
0 -63 3
0 -66 8
0 -80 15
0 -55 12
0 -52 17
0 -42 13
0 -63 21
0 -56 18
0 -55 17
0 -44 7
0 -57 14
0 -51 12
0 -48 10
0 -48 9
0 -45 11
0 -40 4
0 -54 2
0 -50 1
0 -63 2
0 -67 0
0 -66 0
0 -69 0
0 -84 3
0 -69 3
0 -75 6
0 -71 9
0 -64 13
0 -53 18
0 -43 23
0 -18 18
0 -5 9
0 0 0
0 0 0
0 0 0
0 0 0
0 0 0
0 0 0
0 0 0
0 0 0
0 0 0
0 0 0
0 0 0
0 0 0
0 0 0
0 0 0
0 0 0
0 0 0
0 0 0
0 0 0
0 0 0
0 0 0
0 0 0
0 0 0
0 0 0
0 0 0
0 0 0
0 0 0
0 0 0
0 0 0
0 0 0
0 0 0
0 0 0
0 0 0
0 0 0
0 0 0
0 0 0
0 0 0
0 0 0
0 0 0
0 0 0
0 0 0
0 0 0
0 0 0
0 0 0
0 0 0
0 0 0
0 0 0
0 0 0
0 0 0
0 0 0
1 0 0
1 0 0
1 0 0
1 0 0
1 0 0
1 -33 1
1 -67 3
1 -69 0
1 -77 -1
1 -75 0
1 -82 0
1 -107 0
1 -88 4
1 -93 6
1 -96 8
1 -95 9
1 -97 12
1 -108 9
1 -65 7
1 -108 16
1 -81 12
1 -81 9
1 -73 13
1 -104 18
1 -93 17
1 -85 7
1 -84 11
1 -83 10
1 -79 18
1 -102 18
1 -69 17
1 -65 16
1 -54 20
1 -46 18
1 -35 10
1 -33 9
1 -19 5
1 -11 4
1 -9 3
1 -12 2
1 -18 1
1 -28 0
1 -36 2
1 -53 0
1 -61 -3
1 -74 -6
1 -73 -7
1 -126 -14
1 -72 -9
1 -119 -13
1 -85 -9
1 -66 -8
1 -74 -9
1 -45 -9
1 -31 -9
1 -14 -6
1 -1 -4
1 0 -2
1 4 -6
1 4 -4
1 3 -6
1 3 -8
1 0 -9
1 -1 -13
1 -6 -18
1 -15 -18
1 -19 -18
1 -27 -18
1 -39 -20
1 -32 -7
1 -31 -8
1 -27 -6
1 -29 -1
1 -27 -3
9 -19 0
9 -14 0
9 -7 0
9 -5 1
9 -3 3
9 -4 3
9 -3 3
9 -11 6
9 -7 3
9 -14 4
9 -17 7
9 -18 3
9 -18 8
9 -18 7
9 -18 8
9 -16 7
9 -12 3
9 -6 5
9 -6 6
9 0 3
9 0 3
9 0 1
9 0 2
9 0 3
9 0 3
9 -2 4
9 0 3
9 -1 5
9 0 4
9 -2 2
9 -3 4
9 -1 8
9 -2 6
9 -1 7
9 -2 12
9 -3 8
9 -1 9
9 -3 9
9 -5 12
9 -4 10
9 -4 17
8 -6 18
8 -5 18
8 -3 10
8 -1 8
8 -5 9
8 -1 7
8 -2 8
8 -4 7
8 -2 6
8 -3 5
8 -1 4
8 -1 5
8 -2 1
8 0 0
8 0 0
8 0 0
8 0 0
8 0 0
8 0 0
8 0 0
8 0 0
8 0 0
8 0 0
8 0 0
12 0 0
12 0 0
12 0 0
12 0 0
12 0 0
12 0 0
12 0 0
12 0 0
12 -1 0
12 0 0
12 0 0
12 -2 0
4 0 0
4 0 0
4 0 0
4 0 0
4 0 0
4 0 0
4 0 0
4 0 0
4 0 0
4 0 -1
4 -1 0
4 0 0
4 0 -1
4 0 0
4 0 -2
4 -2 -1
4 0 0
4 0 -2
4 0 0
4 0 0
4 -1 -3
4 0 0
4 0 -1
4 0 0
4 -2 -2
4 0 -1
4 0 0
4 0 -3
4 0 0
4 0 -2
4 0 -3
6 0 -1
6 0 0
6 0 -2
6 0 -1
6 1 0
6 0 -2
6 0 -1
6 0 0
6 2 0
6 0 0
6 0 0
6 0 -2
6 0 0
6 0 0
6 1 0
6 2 0
6 0 0
6 0 0
6 0 0
6 0 0
6 0 0
6 0 0
2 0 0
2 0 0
2 0 0
2 0 0
2 0 0
2 0 0
2 0 0
2 0 0
2 0 0
2 0 0
2 0 0
2 0 0
2 0 0
2 0 0
2 0 0
2 0 0
3 0 0
3 0 0
3 0 0
3 0 0
3 0 0
3 0 0
3 1 -1
3 0 0
3 0 0
3 0 0
3 2 0
3 0 -2
3 1 0
3 0 0
3 0 0
3 0 0
3 0 0
3 0 0
1 0 0
1 0 -1
1 2 0
1 0 -2
1 1 -1
1 0 -2
1 0 -1
1 2 -2
1 1 -1
1 2 -2
1 0 -1
1 1 0
1 0 0
1 2 -2
1 0 0
1 0 0
1 1 0
1 0 -1
1 2 -2
1 1 0
0 2 -2
0 0 -1
0 1 -2
0 2 -1
0 0 -2
0 1 0
0 0 -1
0 0 -2
0 2 -1
0 0 0
0 0 -2
0 1 0
0 2 0
0 0 0
0 0 0
0 0 0
0 0 0
0 0 0
0 0 0
0 0 0
0 0 0
0 0 0
0 0 -3
0 0 -1
0 0 -2
0 0 -3
0 0 -1
0 0 -5
0 0 -3
0 0 -3
0 0 -3
0 0 0
0 0 -3
0 0 -3
0 0 -1
0 0 -5
0 0 -3
0 0 0
0 0 -3
0 0 0
0 0 -1
0 0 0
0 0 0
0 0 0
0 0 -2
0 0 0
0 0 0
0 0 0
0 0 0
