# fpsdemo v1.14 input trace: keys dx dy (one line per frame)
0 0 0
0 0 0
0 0 0
0 0 0
0 0 0
0 0 0
0 0 0
0 0 0
0 0 0
0 0 0
0 0 0
0 0 0
0 0 0
0 0 0
0 0 0
0 0 0
0 0 0
0 0 0
0 0 0
0 0 0
0 0 0
0 0 0
0 0 0
0 0 0
0 0 0
0 0 0
0 0 0
0 0 0
0 0 0
0 0 0
0 0 0
0 0 0
0 0 0
0 0 0
0 0 0
0 0 0
0 0 0
0 0 0
0 0 0
0 0 0
0 0 0
0 0 0
0 0 0
0 0 0
0 0 0
0 0 0
0 0 0
0 0 0
0 0 0
0 0 0
0 0 0
0 0 0
0 0 0
0 0 0
0 0 0
0 0 0
0 0 0
0 0 0
0 0 0
0 0 0
0 0 0
0 0 0
0 0 0
0 0 0
0 0 0
0 0 0
0 0 0
0 0 0
0 0 0
0 0 0
0 0 0
0 0 0
0 0 0
0 0 0
0 0 0
0 0 0
0 0 0
0 0 0
0 0 0
0 0 0
0 0 0
0 0 0
0 0 0
0 0 0
0 0 0
0 0 0
0 0 0
0 0 0
0 0 0
0 0 0
0 0 0
0 0 0
0 0 0
0 0 0
0 0 0
0 0 0
0 0 0
0 0 0
0 0 0
0 0 0
0 0 0
0 0 0
0 0 0
0 0 0
0 0 0
0 0 0
0 0 0
0 0 0
0 0 0
0 0 0
0 0 0
0 0 0
0 0 0
0 0 0
0 0 0
0 0 0
0 0 0
0 0 0
0 0 0
0 0 0
0 0 0
0 0 0
0 0 0
0 0 0
0 0 0
0 0 0
0 0 0
0 0 0
0 0 0
0 0 0
0 0 0
0 0 0
0 0 0
0 0 0
0 0 0
0 0 0
0 0 0
0 0 0
0 0 0
0 0 0
0 0 0
0 0 0
0 0 0
0 0 0
0 0 0
0 0 0
0 0 0
0 0 0
0 0 0
0 0 0
0 0 0
0 0 0
0 0 0
0 0 0
0 0 0
0 0 0
0 0 0
0 0 0
0 0 0
0 0 0
0 0 0
0 0 0
0 0 0
0 0 0
0 0 0
0 0 0
0 0 0
0 0 0
0 0 0
0 0 0
0 0 0
0 0 0
0 0 0
0 0 0
0 0 0
0 0 0
0 0 0
0 0 0
0 0 0
0 0 0
0 0 0
0 0 0
0 0 0
0 0 0
0 0 0
0 0 0
0 0 0
0 0 0
0 0 0
0 0 0
0 0 0
0 0 0
0 0 0
0 0 0
0 0 0
0 0 0
0 0 0
0 0 0
0 0 0
0 0 0
0 0 0
0 0 0
0 0 0
0 0 0
0 0 0
0 0 0
0 0 0
0 0 0
0 0 0
0 0 0
0 0 0
0 0 0
0 0 0
0 0 0
0 0 0
0 0 0
0 0 0
0 0 0
0 0 0
0 0 0
0 0 0
1 0 0
1 0 0
1 0 0
1 0 0
1 0 0
1 0 0
1 0 0
1 0 0
1 0 0
1 0 0
1 0 0
1 0 0
1 0 0
1 -6 -3
1 -6 -3
1 -4 -2
1 -3 -3
1 -3 0
1 0 -1
1 0 0
1 -2 0
1 0 0
1 0 0
1 0 0
1 0 0
1 0 0
1 0 0
1 0 0
1 0 0
1 0 0
1 0 0
1 0 0
1 0 0
1 0 0
1 0 0
9 0 0
9 0 0
9 0 0
9 0 0
9 0 0
9 0 0
9 0 0
9 0 0
9 0 0
9 0 0
9 0 0
9 0 0
9 0 0
9 0 0
9 0 0
9 0 0
9 0 0
9 0 0
9 0 0
9 0 0
9 0 0
9 0 0
9 0 0
9 0 0
9 0 0
9 0 0
9 -1 8
9 -2 9
9 -3 8
9 -1 7
9 0 9
9 0 9
9 0 6
9 2 9
9 14 11
9 28 19
9 47 33
9 88 50
9 80 39
9 84 33
9 82 22
9 66 12
9 57 0
9 42 0
9 30 -8
9 6 -7
9 2 -5
9 -3 -7
9 -4 -6
9 -6 -8
9 -6 -7
9 -2 -6
9 0 -8
9 1 -9
9 8 -15
9 6 -23
9 4 -18
9 5 -18
9 4 -16
9 3 -9
9 3 -6
9 2 -3
9 0 0
11 0 0
11 0 0
11 0 0
11 0 0
11 0 0
11 3 0
11 12 0
11 25 0
11 42 1
11 57 0
11 57 3
11 100 8
11 116 10
11 102 9
11 168 21
11 123 12
11 111 11
11 103 10
11 137 23
11 55 9
11 68 13
11 39 8
11 15 3
11 0 0
11 -15 0
11 -10 0
11 -18 -3
11 -23 -3
11 -25 -1
11 -27 -2
11 -8 -1
11 -1 0
11 0 0
11 0 0
11 0 0
11 0 0
11 2 0
11 3 0
11 3 0
11 3 0
11 6 -2
11 15 0
11 27 0
11 35 0
11 61 0
11 57 0
11 71 -1
11 36 -3
11 48 -3
11 33 -3
11 15 -6
11 3 -6
11 0 -3
11 0 -1
11 0 -2
11 0 0
11 23 0
11 64 0
11 71 0
9 73 3
9 80 7
9 84 8
9 117 4
9 82 2
9 86 1
9 138 4
9 9 0
9 -16 0
11 -27 -2
11 -22 -3
11 -15 -3
11 -2 0
11 0 0
11 9 0
11 16 2
11 27 9
11 23 0
11 27 2
11 19 0
11 21 0
11 30 -1
11 73 0
11 101 1
11 111 9
9 126 12
9 93 1
9 52 -11
9 0 0
9 0 0
9 0 0
9 0 0
9 0 0
9 0 0
9 0 0
9 0 0
9 0 0
9 0 0
9 0 0
9 0 0
9 0 0
9 0 0
9 0 0
9 0 0
9 0 0
9 0 0
9 0 0
9 0 0
9 0 0
9 0 0
9 0 0
9 0 0
11 17 -2
11 34 -16
11 24 -9
11 20 -2
11 16 0
11 80 12
11 127 18
11 173 21
11 268 37
11 254 57
11 219 50
11 208 45
11 182 24
11 114 7
11 48 0
11 6 -2
11 18 -8
11 42 -13
9 90 -18
9 102 -18
9 52 -12
9 17 -8
9 15 -18
9 16 -22
9 18 -57
9 36 -96
1 56 -90
1 81 -44
1 48 -19
1 3 -8
1 1 -16
1 6 -14
1 56 -16
1 85 -3
1 131 1
1 72 3
1 1 0
1 0 0
1 0 0
1 0 0
1 0 0
1 0 0
1 -20 13
1 -9 15
1 7 12
1 9 9
1 -46 42
1 -11 2
1 0 0
1 0 0
1 0 0
0 0 0
0 0 0
0 0 0
0 0 0
0 0 0
0 0 0
0 0 0
0 -10 -12
0 -9 -144
0 -32 -184
0 -89 -217
0 -220 -281
0 -254 -232
0 -106 -114
0 -24 -45
0 -33 -26
0 -72 -27
0 -48 -12
0 -2 0
0 0 0
0 0 0
0 0 1
0 0 0
0 0 2
0 0 4
0 0 0
0 0 0
0 0 0
0 6 -1
0 18 -6
0 13 -3
0 3 0
8 7 -3
8 27 0
8 80 7
8 139 28
8 123 24
8 92 21
8 48 11
8 1 0
8 15 9
8 108 42
8 194 76
8 193 67
8 48 12
8 0 0
8 11 0
8 75 14
0 163 21
0 307 40
0 11 0
4 0 0
4 12 5
4 79 42
4 205 79
4 104 36
4 3 3
4 6 0
4 27 5
4 49 18
4 36 12
4 0 0
4 5 1
4 7 3
4 12 6
12 23 11
8 45 19
8 76 33
8 69 26
8 96 21
8 151 34
8 224 65
8 214 37
8 129 12
8 57 8
9 33 3
9 5 0
9 4 0
9 5 0
9 1 -1
9 0 0
9 0 0
9 0 0
9 9 0
9 18 4
9 5 3
9 1 0
9 2 3
9 1 1
9 0 0
9 0 0
9 0 0
9 -1 0
9 -9 0
9 -19 2
9 -51 3
9 -102 -1
9 -207 -20
9 -272 -27
9 -333 -16
1 -393 -29
1 -313 -15
1 -579 -21
1 -138 4
1 -55 29
1 -9 18
3 -4 9
3 -14 10
3 -13 5
1 -15 4
1 -18 5
1 -42 9
1 -65 3
1 -72 9
1 -75 3
1 -48 1
1 -48 12
1 -94 29
3 -128 31
3 -129 27
3 -51 24
3 -15 15
3 -15 9
3 -25 9
3 -42 12
3 -33 14
3 -20 7
3 -1 2
3 -2 0
3 -7 3
3 -6 1
3 -2 2
3 -3 0
3 -13 6
3 -9 3
3 -2 1
3 0 0
3 -6 3
3 0 0
3 -6 5
3 -1 1
3 0 0
3 0 0
3 0 0
3 0 0
3 0 0
3 0 0
3 0 0
3 0 0
3 0 0
3 0 0
3 5 2
3 27 10
3 17 6
3 18 8
3 13 6
3 15 12
3 27 18
3 29 26
3 27 22
3 15 12
3 18 11
3 33 18
3 40 16
3 21 12
3 11 9
3 1 0
3 0 2
3 0 0
3 -4 0
3 -28 3
2 -66 1
2 -89 -1
2 -102 -6
2 -147 0
2 -198 1
2 -177 6
2 -120 3
6 -84 2
6 -72 0
6 -69 0
6 -76 0
6 -51 0
6 -53 0
6 -49 -1
6 -50 -5
6 -51 -1
6 -45 -2
6 -69 -1
6 -66 -3
6 -66 -3
6 -33 -3
6 -21 -2
6 -21 -1
6 -36 -2
6 -45 0
6 -46 0
6 -34 0
6 -42 0
6 -12 0
6 0 0
6 0 0
6 0 0
6 0 0
6 0 -1
6 0 0
6 0 0
4 0 0
4 2 -2
4 15 -3
4 27 -3
4 18 -1
4 3 -2
4 0 0
4 0 0
4 3 -1
4 7 -3
4 18 -3
4 40 -6
4 71 -16
4 111 -24
4 97 -29
4 102 -34
4 92 -51
4 63 -45
4 58 -57
4 72 -92
4 78 -78
4 80 -60
4 78 -45
4 52 -30
4 69 -57
4 78 -75
4 89 -73
4 93 -47
4 75 -34
4 75 -59
4 61 -84
4 33 -71
4 31 -57
4 18 -40
4 0 -11
4 -4 -16
4 -6 -23
4 -9 -36
4 -10 -31
4 -11 -21
4 -10 -9
4 -11 -12
4 -10 -15
4 -24 -27
4 -33 -20
4 -45 -22
4 -48 -15
4 -42 -8
4 -30 -6
4 -8 -4
4 -1 0
4 -3 0
4 -3 0
4 0 0
4 0 0
4 -2 0
4 0 0
4 0 0
4 0 0
4 -1 0
4 -3 0
4 -3 -2
4 -3 -1
4 -2 0
4 0 0
4 0 0
4 0 0
4 0 0
4 0 0
4 0 0
4 0 0
4 10 4
4 20 12
4 31 15
4 42 21
4 39 16
4 23 14
4 13 9
4 5 1
4 0 0
4 0 0
4 4 2
4 14 1
4 30 3
4 51 5
4 87 6
4 96 6
4 118 3
4 131 1
4 109 0
4 72 2
4 39 1
4 15 0
4 12 -5
4 12 -8
4 11 -7
4 6 -2
4 1 0
4 9 0
4 29 7
12 85 23
12 122 19
12 96 17
12 75 17
12 54 19
12 39 17
12 39 15
12 25 15
12 39 18
12 66 19
12 66 15
8 59 11
8 30 6
8 6 3
8 15 3
8 37 6
8 75 9
8 96 7
8 99 8
8 113 17
8 102 13
8 63 8
8 19 1
8 12 2
8 8 1
8 7 2
8 6 3
9 2 1
9 1 5
9 3 10
9 0 11
9 -2 13
9 -6 15
9 -5 11
9 -1 7
9 0 24
9 0 48
9 11 63
9 29 72
9 51 56
9 25 31
9 5 24
9 1 26
9 2 46
9 4 48
9 15 67
9 28 90
9 17 60
1 -4 57
1 -9 64
1 -9 120
1 -20 80
1 -9 37
1 0 0
1 0 0
1 0 0
1 0 0
1 0 0
1 1 0
1 5 0
1 1 0
1 6 3
1 14 3
1 16 0
1 5 0
1 0 0
1 10 0
1 38 0
1 30 0
1 19 0
1 11 0
1 4 0
1 0 0
1 3 0
1 18 0
1 29 0
1 21 0
1 19 0
1 32 -4
1 24 -4
1 12 -14
9 27 -33
9 11 -54
9 -29 -40
9 0 0
9 0 0
9 0 0
9 0 0
9 0 0
9 0 0
9 0 0
9 0 0
9 0 0
9 0 0
9 0 0
9 0 0
9 10 -2
9 3 12
9 14 3
9 43 19
9 83 53
9 111 70
9 102 99
9 51 96
9 21 53
9 14 13
9 1 0
9 3 8
1 9 21
1 9 13
1 11 12
1 7 8
1 3 7
1 2 11
1 0 6
1 0 3
1 -1 1
1 -3 2
1 -2 1
1 -3 0
1 -3 2
1 -3 0
1 -4 0
1 -8 -3
1 -9 -4
1 -10 -8
1 -9 -4
1 -11 -9
1 -7 -6
1 -2 -3
1 -6 -6
1 -15 -15
1 -34 -26
1 -39 -22
1 -20 -11
1 -6 -6
1 -3 -6
1 -1 -9
1 0 -6
1 0 -4
1 1 -15
1 0 -20
1 -1 -18
1 -5 -25
1 -10 -26
1 -9 -22
1 -12 -26
1 -11 -28
1 -4 -17
1 -5 -4
1 -4 -5
1 -6 -7
1 -12 -15
1 -12 -15
1 -6 -8
1 -2 -1
1 -1 0
1 -5 -3
1 -4 -6
1 -9 -6
1 -3 -2
1 -3 -3
1 -12 -4
1 -11 -5
1 -3 -1
1 0 0
1 -1 -2
1 -2 0
1 0 0
1 0 0
1 0 0
1 0 0
1 0 0
1 0 0
1 0 0
1 0 0
1 0 0
1 0 0
1 0 0
1 0 0
1 -3 0
1 -13 9
1 -23 6
1 -21 9
1 -22 6
1 -11 6
1 -10 7
1 -18 11
1 -9 6
1 -5 6
1 -7 11
1 -6 7
1 0 5
1 -1 4
1 -12 5
1 -15 3
1 -12 1
1 -18 2
1 -36 -4
1 -78 -21
1 -57 -5
1 -12 -4
1 -8 0
1 -24 1
1 -45 1
1 -13 0
1 -3 0
1 -14 0
1 -28 3
1 -20 0
1 -42 0
1 -48 0
1 -46 0
1 -27 5
1 -33 1
1 -32 3
1 -19 8
1 -23 6
1 -12 3
1 -3 0
1 -6 6
1 -18 9
1 -13 3
1 -15 0
1 -15 1
1 -8 0
1 -3 2
1 -4 0
1 -9 0
1 -8 0
1 -7 0
1 -5 0
1 -9 0
1 -7 0
1 -11 -1
1 -21 0
1 -21 -6
1 -28 -6
1 -48 -9
1 -54 -2
1 -36 -3
1 -3 0
1 0 0
1 0 0
1 0 0
1 0 0
1 -5 -1
1 -12 0
1 -10 0
1 -6 0
1 -18 -2
1 -24 -3
1 -26 -6
1 -21 -4
1 -18 -2
1 -28 -3
1 -51 1
1 -53 3
1 -24 0
1 -18 0
1 -16 2
1 -20 3
1 -18 3
1 -18 3
1 -7 1
1 -2 0
1 -3 0
1 -1 2
1 -5 1
1 -10 6
1 -11 3
1 -12 5
1 -1 1
1 0 0
1 0 0
1 0 0
1 0 0
1 0 0
1 0 0
1 0 0
1 0 0
1 0 0
1 8 0
1 14 2
1 16 4
1 17 2
1 18 3
1 10 1
1 5 0
1 15 -2
1 30 -5
1 28 -3
1 8 0
1 6 -3
1 21 -9
1 28 -7
1 12 -3
1 2 0
1 0 0
1 0 0
1 0 0
1 0 0
1 0 0
1 0 0
1 0 0
1 0 0
1 0 0
1 0 0
1 0 0
1 0 0
1 0 0
1 0 0
1 6 4
1 1 1
1 2 3
1 0 0
1 0 0
1 -1 6
1 -9 9
1 -17 8
1 -25 6
1 -21 1
1 -23 0
1 -28 0
1 -35 2
1 -34 0
1 -35 1
1 -48 0
1 -21 -2
1 -9 -2
1 -15 -1
1 -64 -8
1 -122 -3
1 -82 -4
1 -69 -3
1 -54 -2
1 -44 1
1 -76 3
1 -98 3
1 -72 3
1 -50 12
1 -57 30
1 -91 33
1 -111 39
1 -128 48
1 -93 28
1 -46 15
1 -50 21
1 -88 27
1 -116 30
1 -93 26
1 -54 15
1 -19 10
1 -26 21
1 -54 34
1 -60 36
1 -55 35
1 -53 28
1 -24 17
1 -10 16
1 -36 26
1 -69 22
1 -54 17
1 -13 4
1 -3 3
1 5 8
1 14 15
1 -6 18
1 -37 12
1 -59 4
1 -50 6
1 -45 6
1 -49 5
1 -53 9
1 -63 10
1 -73 6
1 -71 8
1 -28 6
1 -21 10
1 -41 11
1 -85 9
1 -87 13
1 -90 23
1 -66 12
1 -38 9
1 -19 6
1 -26 10
1 -43 9
1 -27 8
1 -32 7
1 -21 6
1 -6 15
1 13 11
1 8 7
1 0 5
1 -6 3
1 -1 3
1 2 1
1 15 20
1 14 15
1 6 4
1 24 9
1 87 21
1 180 23
1 153 25
1 67 8
1 50 3
1 72 1
1 199 0
1 267 -5
1 213 -6
1 174 -18
1 96 -41
1 98 -64
1 198 -110
1 241 -103
1 282 -65
1 285 -18
1 201 -21
1 152 -27
1 133 -43
1 140 -33
1 121 -26
1 105 -7
1 111 -6
1 98 -8
1 105 -9
1 112 -6
1 134 -7
1 142 -8
1 137 -1
1 117 0
1 70 1
1 44 0
1 36 0
1 57 -3
1 77 -1
1 78 0
1 55 -2
1 29 0
1 16 0
1 30 0
1 86 0
1 103 1
1 117 3
3 81 5
3 20 1
3 0 0
3 0 0
3 0 0
3 0 0
3 0 0
3 0 0
3 -1 0
3 -3 0
3 -2 0
3 0 0
3 0 0
3 0 0
3 0 -1
3 6 -7
3 25 -8
3 45 -10
3 122 -8
3 133 -7
3 147 -11
3 141 -22
3 123 -35
3 93 -64
3 92 -86
3 99 -78
3 94 -70
3 68 -77
3 48 -75
1 33 -78
1 26 -61
1 39 -71
1 64 -78
1 83 -55
1 66 -33
1 69 -32
1 69 -24
1 131 -24
1 174 -21
1 172 -3
1 122 0
1 93 0
1 67 1
1 80 3
1 136 -14
1 111 -3
1 50 -2
1 7 -1
1 30 -3
1 60 0
3 117 0
3 114 2
3 134 11
3 189 36
3 168 46
3 163 29
3 144 27
3 123 36
3 55 54
3 -2 64
3 -2 12
3 0 0
3 0 0
3 0 0
3 0 0
3 0 0
3 0 0
3 0 0
3 0 0
3 0 0
3 0 0
3 0 0
3 0 0
3 0 0
3 0 0
3 -1 2
3 85 -13
3 126 -12
3 193 -6
3 213 0
3 252 13
3 311 33
3 280 15
3 245 12
3 198 16
1 172 32
1 222 61
1 194 57
1 114 23
1 17 3
1 31 21
1 182 33
1 252 39
1 250 28
1 210 36
1 183 32
1 156 18
1 100 3
1 114 16
1 176 35
1 121 19
1 8 0
1 0 0
1 0 0
1 4 2
1 12 0
3 27 1
3 48 8
3 68 10
3 58 9
3 20 0
3 45 2
3 118 15
3 93 16
3 54 11
3 14 4
3 4 0
3 65 11
3 159 33
3 235 49
3 248 54
3 109 48
3 11 35
3 0 0
3 0 0
3 0 0
3 0 0
3 0 0
3 0 0
1 0 0
1 0 0
1 0 0
1 0 0
1 0 0
1 0 0
1 0 0
1 0 0
9 0 0
9 0 -1
9 -8 -6
9 57 -3
9 98 -2
9 171 13
9 225 20
9 253 16
9 249 21
9 192 27
9 141 14
9 123 5
9 109 0
9 116 1
9 144 0
9 178 6
9 197 9
9 207 10
9 206 6
9 184 3
9 173 2
9 168 0
9 147 -3
9 204 -1
9 307 8
9 230 14
9 157 6
9 89 1
9 18 0
9 0 0
9 1 -4
9 -14 -19
9 -5 -2
9 0 0
9 0 0
9 -10 -3
9 -39 -1
9 -23 0
9 1 4
9 57 24
9 20 13
9 -41 -7
1 -46 -12
1 -5 -3
1 -4 -1
1 -51 -8
1 -177 -22
1 -369 -44
3 -330 -22
3 -296 -21
3 -186 -14
3 -72 -3
3 1 0
3 12 3
3 5 1
1 0 0
1 0 0
1 0 0
1 0 0
1 0 0
1 0 0
1 0 0
1 0 0
1 0 0
1 0 0
1 -13 0
1 -39 0
1 -41 -2
1 -46 -5
1 -90 -6
1 -135 -13
1 -182 -26
1 -195 -25
1 -163 -18
1 -143 -12
1 -75 -3
1 -60 -4
1 -36 0
1 -60 0
1 -15 0
1 -3 0
1 0 0
1 0 0
1 -1 0
3 -9 1
3 -8 0
3 -1 0
3 0 0
3 0 0
3 0 0
3 0 0
3 0 0
3 0 0
3 0 0
3 0 0
3 0 1
3 -14 0
3 -36 0
3 -63 0
3 -99 0
3 -121 0
3 -99 -1
3 -81 0
3 -56 4
3 -16 15
3 -2 26
3 0 33
3 0 36
3 0 36
3 3 21
3 9 14
3 21 18
3 31 18
3 33 31
3 26 24
3 10 12
3 12 8
3 6 3
3 9 4
3 15 9
3 15 6
3 15 9
3 27 9
3 38 12
3 60 12
3 82 15
3 95 9
3 97 9
3 87 6
3 71 0
3 48 0
3 33 -1
3 31 -1
1 36 -2
1 51 -3
1 75 -1
1 119 -2
1 180 -3
1 148 0
1 152 0
1 123 -1
1 87 -5
1 52 -13
1 26 -14
1 29 -15
1 31 -15
1 53 -20
1 72 -13
1 78 -11
1 84 -1
1 81 0
1 51 -2
1 36 -1
1 28 -5
1 29 -3
1 34 0
1 32 0
1 36 1
1 31 2
1 36 3
1 30 0
1 15 -4
1 6 -3
1 2 -3
9 3 0
9 0 -2
9 1 0
9 0 -1
9 0 0
9 0 0
9 0 0
9 0 0
9 0 0
9 0 0
9 -10 -2
9 -12 -1
9 -17 0
9 -24 0
9 -53 11
9 -100 8
1 -140 6
1 -130 6
1 -159 16
1 -177 17
1 -123 16
1 -116 24
1 -127 33
1 -176 35
1 -178 34
1 -183 30
1 -171 11
0 -131 3
0 -129 1
0 -93 6
0 -67 8
0 -42 4
0 -18 2
0 -9 0
0 -14 0
0 -22 -6
0 -32 -7
0 -43 -14
0 -48 -10
0 -78 -21
0 -84 -18
0 -71 -18
0 -82 -30
0 -69 -27
0 -60 -18
4 -87 -13
4 -74 -14
4 -72 -13
4 -61 -12
4 -77 -12
4 -84 -11
4 -69 -6
0 -82 -4
0 -86 -8
0 -84 -3
0 -76 -3
0 -86 -3
0 -103 -1
0 -101 0
0 -121 0
0 -138 0
0 -131 0
0 -145 -2
0 -129 0
0 -137 3
2 -103 3
2 -63 7
2 -33 9
2 -12 8
3 -8 4
3 -3 5
3 -4 3
3 -5 3
3 -6 3
3 -6 3
3 -4 3
1 -8 1
1 -3 2
1 -1 0
1 0 0
1 0 0
1 0 0
1 0 0
1 0 0
1 0 0
1 0 0
1 0 0
1 0 0
1 0 0
1 0 0
1 0 0
1 0 0
1 0 1
1 0 0
1 0 0
1 0 0
1 2 0
1 2 0
1 4 -1
1 3 0
1 8 -1
1 7 -2
1 12 -2
1 12 -1
1 9 -2
1 3 0
1 0 0
1 0 0
1 4 0
1 11 0
1 22 -1
1 35 0
1 52 1
1 35 7
1 9 5
1 1 0
1 0 0
1 0 0
1 0 0
1 2 0
1 15 0
1 34 0
1 36 4
1 20 6
1 6 3
1 1 0
1 2 2
1 4 1
1 6 2
1 9 3
1 11 1
1 19 5
1 41 3
1 42 3
1 6 0
1 0 0
1 0 0
1 1 0
1 2 0
1 13 1
1 36 6
1 74 17
1 126 28
1 183 54
1 124 41
1 75 19
1 39 9
1 37 7
1 30 3
1 36 9
1 34 4
1 21 9
1 20 5
1 21 3
1 34 1
1 31 0
1 36 0
1 54 2
1 47 -1
1 52 -2
1 60 -3
1 39 -6
1 32 -7
1 33 -14
1 36 -13
1 31 -12
1 30 -8
1 26 -3
1 12 -4
1 3 -2
1 3 -1
1 1 -2
1 2 0
1 6 -3
1 10 -3
1 21 -1
1 32 -2
1 45 0
1 42 1
1 34 4
1 13 2
1 3 0
1 0 0
1 0 0
1 3 0
1 11 1
1 34 5
1 45 3
1 71 9
1 57 4
1 60 10
1 59 11
1 25 6
1 6 1
1 0 0
1 0 0
1 0 0
1 5 0
1 18 0
1 28 0
1 44 0
1 55 0
1 51 0
1 54 0
1 53 3
1 42 0
1 49 0
1 41 -1
1 25 -4
1 20 -5
1 45 -8
1 23 -7
1 25 -8
1 27 -7
1 35 -9
1 36 -11
1 31 -7
1 41 -8
1 36 -4
1 39 -5
1 90 -8
1 52 -3
1 41 -3
1 45 -6
1 48 -7
1 36 -6
1 28 -6
1 19 -6
1 23 -8
1 16 -7
1 14 -6
1 10 -6
1 8 -6
1 9 -5
1 6 -3
1 6 -1
1 3 -3
1 4 -2
1 3 0
1 1 -3
1 2 0
1 4 -1
1 2 -2
1 1 0
1 0 0
1 2 0
1 3 -1
1 0 0
1 4 0
1 6 0
1 6 0
1 14 0
1 13 0
1 18 0
1 18 0
1 14 1
1 27 4
1 31 3
1 39 3
1 29 3
1 39 9
1 39 5
1 28 4
1 39 5
1 26 1
1 25 2
1 18 0
1 15 0
1 11 -1
1 9 -2
1 9 -3
1 10 -1
1 8 -2
1 13 -1
1 14 0
1 21 0
1 22 0
1 38 1
1 37 1
1 51 3
1 44 3
1 60 5
1 66 3
1 49 6
1 75 9
1 56 7
1 60 8
1 75 6
1 76 9
1 59 7
1 79 17
1 60 13
1 60 12
1 86 18
1 63 14
1 63 18
1 57 19
1 90 32
1 40 13
1 0 0
1 0 0
1 0 0
1 0 0
1 0 0
1 0 0
1 0 0
1 0 0
1 0 0
1 0 0
1 0 0
1 0 0
1 0 0
1 0 0
1 0 0
1 0 0
0 0 0
0 0 0
0 0 0
0 0 0
0 0 0
0 0 0
0 0 0
0 0 0
0 0 0
0 0 0
0 0 0
0 0 0
0 0 0
1 0 0
1 0 0
1 0 0
1 0 0
1 0 0
1 0 0
1 0 0
1 0 0
1 0 0
1 0 0
1 0 0
1 0 0
1 0 0
1 0 0
1 0 0
1 0 0
1 0 0
1 0 0
1 6 3
1 0 0
1 5 2
1 4 0
1 0 -1
1 21 -3
1 28 0
1 47 -3
1 39 -3
1 66 -3
1 58 -1
1 63 -2
1 93 -3
0 77 -3
0 100 0
0 99 0
0 104 0
0 76 0
0 78 -1
0 105 -3
0 102 -6
0 104 -8
0 88 -7
0 90 -8
0 120 -10
0 134 -9
0 132 -6
0 102 -6
0 105 -6
0 142 -8
0 110 -3
0 117 -4
0 153 -3
0 118 0
0 117 -3
0 195 -9
0 161 -6
0 160 -9
0 125 -2
0 165 0
0 157 3
0 191 6
0 184 4
0 176 8
0 153 6
0 130 1
0 129 0
0 93 0
0 102 -2
0 104 -8
0 96 -4
0 112 -8
0 138 -4
0 148 -2
0 138 0
0 194 6
0 180 12
0 294 24
0 225 16
0 222 17
0 180 15
0 166 12
0 155 15
0 115 24
0 113 37
0 54 29
0 24 27
0 9 21
0 0 19
0 -12 12
0 -25 6
0 0 0
0 0 0
0 0 0
0 0 0
0 0 0
1 0 0
1 0 0
1 0 0
1 0 0
1 0 0
1 0 0
1 0 0
1 0 0
1 0 0
1 0 0
1 0 0
1 0 0
1 0 0
1 0 0
1 0 0
1 0 0
1 0 0
1 0 0
1 0 0
1 0 0
1 0 0
1 0 0
1 0 0
1 0 0
1 0 0
1 -6 0
1 4 1
1 9 4
1 23 -1
1 9 -2
1 13 0
1 15 0
1 11 1
1 15 -4
1 34 -6
1 56 -13
1 70 -14
1 44 -10
1 40 -5
1 44 0
1 64 0
1 66 1
1 74 2
1 97 0
1 72 -3
1 69 -6
1 69 -1
1 80 -3
1 105 0
1 85 0
1 72 -2
1 86 -1
1 117 -3
1 75 -5
1 88 -6
1 87 -6
1 96 -4
1 83 -5
1 81 -3
1 100 -1
1 89 -5
1 70 -3
1 57 -3
1 63 -4
1 72 -5
1 60 -1
1 84 -3
1 89 -2
1 100 0
1 126 0
1 152 9
1 189 10
1 141 8
1 127 7
1 84 2
1 75 1
1 39 0
1 5 0
1 0 0
1 0 0
1 0 0
1 0 0
1 0 0
1 0 0
1 1 0
1 2 0
1 0 0
1 0 0
1 0 0
1 0 0
1 0 0
1 0 0
1 0 0
1 0 0
1 0 0
1 6 2
1 18 4
1 25 3
1 17 0
1 19 0
1 33 -4
1 30 -7
1 26 0
1 16 2
1 3 5
1 0 3
1 0 0
1 0 0
1 0 0
1 0 0
1 0 0
1 0 0
1 0 0
1 0 0
1 0 0
1 0 0
1 0 0
1 0 0
1 0 0
1 0 0
1 0 0
1 0 0
1 0 0
1 0 0
1 0 0
1 0 0
1 0 0
1 0 0
1 0 0
1 2 -10
1 7 -18
1 2 -11
1 3 -7
1 15 -3
1 22 -8
1 23 -13
1 36 -23
1 31 -18
1 32 -15
1 30 -12
1 28 -15
1 32 -13
1 43 -12
1 81 -21
1 107 -18
1 138 -15
1 141 -6
1 90 -5
1 93 -1
1 115 0
1 117 -2
1 179 -6
1 199 -3
1 143 -6
1 63 -7
1 18 -3
1 88 -8
1 155 -1
1 163 -9
1 176 -17
1 121 -9
1 53 -4
1 4 -2
1 3 -1
1 26 -6
1 60 -3
1 100 -2
1 92 0
1 61 0
1 39 0
1 17 -1
1 3 0
1 0 0
1 6 -5
1 15 -4
1 13 -2
1 8 -1
1 34 -3
1 80 -3
1 73 0
1 48 0
1 2 -2
1 1 0
1 2 0
1 0 0
1 0 0
1 0 0
1 0 0
1 0 0
1 0 0
1 0 0
1 0 0
1 0 0
1 0 0
1 0 0
1 -1 0
1 -2 0
1 -1 0
1 -2 0
1 0 0
1 0 0
1 -1 0
1 0 0
1 0 0
1 -2 0
1 -1 0
1 0 0
1 -2 0
1 0 1
1 -1 2
1 -2 1
1 -3 5
0 -4 7
0 -9 12
0 -21 35
0 -33 42
0 -26 27
0 -18 16
0 -16 8
0 -24 11
0 -61 30
1 -102 54
1 -132 42
1 -165 18
1 -131 13
1 -111 17
1 -93 30
1 -99 36
1 -88 34
1 -77 26
1 -96 18
1 -66 13
1 -45 17
1 -34 15
1 -35 15
1 -61 18
1 -48 18
1 -51 15
1 -47 10
1 -45 12
1 -25 8
1 -18 3
1 -9 1
1 -9 2
1 -9 1
1 -8 2
1 -10 0
1 -11 1
1 -7 0
1 -8 0
1 -3 0
1 -1 0
1 0 0
1 0 0
1 0 0
1 0 0
1 0 0
1 0 0
1 0 0
1 0 0
1 0 0
1 0 0
1 0 0
1 0 0
1 0 0
1 0 0
1 0 0
1 0 0
1 0 0
1 -6 0
1 -35 -7
1 -40 -9
1 -67 -7
1 -177 -8
1 -234 -21
1 -254 -16
1 -193 -8
1 -129 -7
1 -69 -5
1 -50 -4
1 -60 -9
1 -91 -21
1 -81 -20
1 -84 -24
1 -71 -18
1 -39 -9
1 -25 -9
1 -33 -12
1 -50 -13
1 -45 -14
1 -7 -3
1 -2 -1
1 -1 -2
1 -11 -7
1 -4 -11
1 7 -13
1 22 -20
1 26 -9
1 16 -1
1 0 0
1 0 0
1 0 0
1 0 0
1 3 0
1 0 0
1 0 0
1 3 0
1 9 0
1 6 0
1 4 0
1 17 -2
1 10 0
1 0 0
1 0 0
1 0 0
1 0 0
1 0 0
1 0 0
1 0 0
1 0 0
1 3 0
1 9 0
1 0 0
1 0 0
1 0 0
1 0 0
1 0 0
1 0 0
1 0 0
1 0 0
1 0 0
1 0 0
1 -23 -3
1 -54 -7
1 -78 -17
1 -150 -24
1 -192 -8
1 -59 44
1 -40 21
1 -33 27
1 -42 25
1 -24 20
1 -8 7
1 0 0
1 27 2
1 73 -12
1 95 -3
1 91 31
1 93 42
1 56 18
1 39 3
1 64 14
1 104 31
1 112 23
1 138 18
1 0 0
1 0 0
1 0 0
1 0 0
1 0 0
1 0 0
1 0 0
1 0 0
1 0 0
1 0 0
1 0 0
1 0 0
1 0 0
1 0 0
1 0 0
1 0 0
1 0 0
1 0 0
1 0 0
1 0 0
1 0 0
1 0 0
1 0 0
1 0 0
1 0 0
1 0 0
1 0 0
1 0 0
1 0 0
1 0 0
1 0 0
1 0 0
1 0 0
1 0 0
1 0 0
1 0 0
1 0 0
1 0 0
1 0 0
1 -88 -4
1 -255 -17
1 -277 -48
1 -240 -46
1 -267 -33
1 -362 -27
1 -274 -9
1 -285 -5
1 -218 -3
1 -249 -4
1 -136 -6
1 -119 -9
1 -88 -8
1 -90 -12
1 -66 -9
1 -65 -9
1 -63 -10
1 -91 -14
1 -113 -18
1 -108 -22
1 -88 -29
1 -110 -36
1 -90 -31
1 -73 -20
1 -51 -18
1 -48 -13
1 -68 -18
1 -75 -21
1 -72 -21
1 -33 -8
1 -1 -1
1 0 0
1 0 0
1 -14 0
1 -31 0
1 -6 0
1 2 8
1 51 59
1 152 91
1 48 18
1 0 0
1 0 0
1 0 0
1 0 0
1 0 0
1 0 0
1 0 0
1 0 0
1 0 0
1 0 0
1 0 0
1 0 0
1 0 0
1 0 0
1 0 0
1 0 0
1 0 0
1 0 0
1 0 0
1 0 0
1 0 0
1 0 0
1 0 0
1 -49 -2
1 -152 -12
1 -166 -14
1 -144 -13
1 -102 -15
1 -108 -15
1 -96 -6
1 -98 -4
1 -69 -2
1 -58 0
1 -54 -3
1 -54 -6
1 -66 -10
1 -59 -11
1 -45 -6
1 -42 -7
1 -60 -9
1 -69 -14
1 -78 -6
1 -95 -3
1 -97 -8
1 -74 -15
1 -64 -15
1 -54 -6
1 -83 -12
1 -87 -9
1 -82 -2
1 -80 0
1 -63 -4
1 -39 -5
1 -24 0
1 -22 0
1 -27 0
1 -41 0
1 -42 1
1 -57 0
1 -75 2
1 -105 -3
1 -76 0
1 -44 0
1 -18 -1
1 -15 -2
1 -9 -1
1 -13 0
1 -15 0
1 -21 0
1 -27 4
1 -21 3
1 -12 0
1 -3 0
1 -2 0
1 -1 0
1 -5 0
1 -3 3
1 -4 0
1 -5 1
1 -3 0
1 -1 0
1 0 0
1 0 0
1 0 0
1 0 0
1 0 0
1 0 0
1 0 0
1 0 0
1 0 0
1 0 0
1 0 0
1 0 0
1 0 0
1 11 2
1 42 10
1 102 23
1 138 15
1 143 1
1 75 -5
1 15 -20
1 6 -31
1 3 -41
1 12 -21
1 21 -7
1 42 -3
1 70 0
1 134 0
1 151 2
1 144 2
1 132 1
1 71 5
1 52 7
1 38 6
1 12 0
1 1 0
1 0 0
1 12 3
1 9 6
1 6 5
1 9 4
1 18 6
1 21 8
1 15 7
0 7 3
0 5 5
0 6 3
0 13 4
0 23 6
0 18 6
0 10 3
0 0 0
0 0 0
0 0 0
0 3 0
0 9 2
0 2 1
0 0 0
0 0 0
0 0 0
0 0 0
0 0 0
0 0 0
0 0 0
0 0 0
0 0 0
0 0 0
0 4 2
0 2 0
0 0 0
0 0 0
0 0 0
0 0 0
0 0 0
0 0 0
0 0 0
0 0 0
0 0 0
0 0 0
0 0 0
0 0 0
0 0 0
0 0 1
0 0 0
0 0 0
0 0 0
0 0 0
0 0 2
0 -4 6
0 0 1
0 0 0
0 0 0
0 0 0
0 -9 6
