present_probe v0.1 | host ROG-Ally-X-Z2-Extreme | hz 120 | 1280x729 | qpf 10000000
timer_1ms_granted true
frames 2054 | late_over_1ms 135 | dropped_clicks 0
late_ns p50 0 p95 3135900 p99 8252200
frame_total_ns p50 359600 p95 1030400 p99 1636200 | budget_ns 8333333
click chains (ns): input_wait authority_tick view_export frame_render present_queue total
82300 0 0 106100 356300 544700
1700 0 100 56200 248800 306800
1500 0 0 78900 426000 506400
84600 0 100 108500 379600 572800
1700 100 0 47900 229600 279300
1800 0 100 89400 280700 372000
1700 0 0 59000 237300 298000
1600 0 100 93500 294000 389200
1900 100 0 94200 294300 390500
2000 0 100 64400 239100 305600
1900 100 0 114900 262300 379200
1900 0 0 75600 274300 351800
1900 0 0 89400 281200 372500
2100 0 0 82300 246500 330900
1800 0 0 50800 212500 265100
68500 100 100 99500 382500 550700
2000 100 0 83700 220200 306000
1800 0 0 77400 253600 332800
1700 0 0 112700 260400 374800
1900 0 100 52300 207400 261700
